login,full_name,created_at,stargazers_count,watchers_count,language,has_projects,has_wiki,license_name
michaelliao,michaelliao/liaoxuefeng.com,2023-11-02T11:19:06Z,37,37,JavaScript,FALSE,FALSE,Other
michaelliao,michaelliao/learngit,2018-05-18T13:34:21Z,437,437,,TRUE,TRUE,
michaelliao,michaelliao/shici,2016-03-06T03:03:23Z,511,511,JavaScript,TRUE,TRUE,Apache License 2.0
michaelliao,michaelliao/gitsite-cli,2023-11-05T06:54:49Z,4,4,HTML,FALSE,FALSE,MIT License
michaelliao,michaelliao/warpdb,2016-03-26T00:32:51Z,89,89,Java,TRUE,TRUE,GNU General Public License v3.0
michaelliao,michaelliao/gitignore-online-generator,2022-11-20T02:28:38Z,54,54,HTML,FALSE,FALSE,Creative Commons Zero v1.0 Universal
michaelliao,michaelliao/gitsite-wx-extension,2024-09-16T02:23:06Z,0,0,,TRUE,TRUE,GNU General Public License v3.0
michaelliao,michaelliao/periodic-table,2022-11-19T23:53:35Z,18,18,HTML,FALSE,FALSE,GNU General Public License v3.0
michaelliao,michaelliao/awesome-python3-webapp,2015-05-20T22:09:21Z,2408,2408,,TRUE,TRUE,GNU General Public License v3.0
michaelliao,michaelliao/makefile-tutorial,2024-03-03T14:48:58Z,12,12,Makefile,FALSE,FALSE,GNU General Public License v3.0
michaelliao,michaelliao/riscv-isa,2024-09-08T02:47:24Z,3,3,HTML,FALSE,FALSE,Creative Commons Attribution 4.0 International
michaelliao,michaelliao/gitsite,2023-10-27T13:44:04Z,34,34,JavaScript,FALSE,FALSE,MIT License
michaelliao,michaelliao/warpexchange,2022-06-05T07:34:23Z,286,286,Java,FALSE,FALSE,GNU General Public License v3.0
michaelliao,michaelliao/jerrymouse,2023-04-29T00:31:45Z,63,63,Java,FALSE,FALSE,GNU General Public License v3.0
michaelliao,michaelliao/summer-framework,2023-03-18T23:39:20Z,241,241,Java,TRUE,FALSE,GNU General Public License v3.0
michaelliao,michaelliao/michaelliao,2022-04-04T09:58:42Z,4,4,HTML,TRUE,TRUE,GNU General Public License v3.0
michaelliao,michaelliao/sync-s3-compatible-action,2024-08-21T01:06:01Z,3,3,Python,TRUE,TRUE,GNU General Public License v3.0
michaelliao,michaelliao/gitsite-theme-default,2024-01-11T23:53:31Z,1,1,HTML,TRUE,TRUE,MIT License
michaelliao,michaelliao/redirect.liaoxuefeng.com,2024-08-03T11:06:26Z,3,3,,TRUE,TRUE,GNU General Public License v3.0
michaelliao,michaelliao/simple-url-shortener,2024-08-01T11:33:22Z,3,3,JavaScript,TRUE,TRUE,GNU General Public License v3.0
michaelliao,michaelliao/gitsite-comment-mysql,2024-07-27T09:04:03Z,0,0,JavaScript,TRUE,TRUE,GNU General Public License v3.0
michaelliao,michaelliao/auto-resize-iframe,2024-02-25T02:13:48Z,0,0,HTML,TRUE,TRUE,MIT License
michaelliao,michaelliao/redirect-vercel,2024-07-29T14:06:58Z,1,1,JavaScript,TRUE,TRUE,
michaelliao,michaelliao/gitsite-comment-cloudflare,2023-11-10T01:08:13Z,0,0,JavaScript,TRUE,TRUE,GNU General Public License v3.0
michaelliao,michaelliao/git-explorer,2023-04-06T08:40:50Z,12,12,JavaScript,TRUE,TRUE,GNU General Public License v3.0
michaelliao,michaelliao/learn-python3,2015-05-15T05:29:05Z,6247,6247,,FALSE,FALSE,GNU General Public License v2.0
michaelliao,michaelliao/image-processor,2024-02-26T13:19:05Z,5,5,HTML,TRUE,TRUE,GNU General Public License v3.0
michaelliao,michaelliao/avatar-nft,2024-05-15T11:07:23Z,3,3,Move,TRUE,TRUE,GNU General Public License v3.0
michaelliao,michaelliao/books,2024-04-09T11:59:26Z,1,1,,FALSE,FALSE,GNU General Public License v3.0
michaelliao,michaelliao/itranswarp,2019-03-11T14:04:35Z,793,793,Java,TRUE,TRUE,GNU General Public License v3.0
michaelliao,michaelliao/red-packet-contract,2023-01-23T11:15:49Z,36,36,HTML,TRUE,TRUE,GNU General Public License v3.0
michaelliao,michaelliao/learn-go,2024-01-14T04:25:38Z,1,1,,TRUE,TRUE,GNU General Public License v3.0
michaelliao,michaelliao/embedded-terminal,2024-01-12T00:52:16Z,0,0,,TRUE,TRUE,GNU General Public License v3.0
michaelliao,michaelliao/aes-encrypt,2023-11-29T03:35:58Z,5,5,JavaScript,TRUE,TRUE,GNU General Public License v3.0
michaelliao,michaelliao/1024pixels,2023-02-01T10:57:36Z,6,6,HTML,FALSE,FALSE,GNU General Public License v3.0
michaelliao,michaelliao/cryptocurrency,2016-10-18T01:18:13Z,848,848,JavaScript,FALSE,FALSE,Apache License 2.0
michaelliao,michaelliao/download,2022-11-07T01:27:33Z,3,3,,FALSE,FALSE,GNU General Public License v3.0
michaelliao,michaelliao/llm-embedding-sample,2023-08-09T04:14:32Z,10,10,HTML,TRUE,TRUE,GNU General Public License v3.0
michaelliao,michaelliao/chatbot,2023-03-18T23:39:50Z,8,8,HTML,TRUE,TRUE,GNU General Public License v3.0
michaelliao,michaelliao/wechatbot,2023-07-06T00:12:28Z,5,5,,TRUE,TRUE,MIT License
michaelliao,michaelliao/kof-chrome-theme,2023-06-17T07:54:43Z,4,4,,TRUE,TRUE,GNU General Public License v3.0
michaelliao,michaelliao/mnist,2023-04-25T10:25:02Z,24,24,Python,TRUE,TRUE,GNU General Public License v3.0
michaelliao,michaelliao/githubpy,2012-10-14T14:13:59Z,140,140,Python,TRUE,TRUE,GNU General Public License v3.0
michaelliao,michaelliao/eth-smt,2022-10-28T12:16:14Z,9,9,Java,TRUE,TRUE,GNU General Public License v3.0
michaelliao,michaelliao/contract-deployer,2021-08-14T12:34:36Z,11,11,HTML,FALSE,FALSE,GNU General Public License v3.0
michaelliao,michaelliao/netlify-avatar,2023-02-20T13:35:21Z,2,2,JavaScript,TRUE,TRUE,GNU General Public License v3.0
michaelliao,michaelliao/web3stack,2023-02-11T00:37:49Z,9,9,HTML,FALSE,FALSE,GNU General Public License v3.0
michaelliao,michaelliao/ssi-server,2023-02-11T10:25:30Z,2,2,HTML,FALSE,FALSE,GNU General Public License v3.0
michaelliao,michaelliao/githubpy-test,2023-01-21T06:21:15Z,3,3,,TRUE,TRUE,GNU General Public License v3.0
michaelliao,michaelliao/serial-send-image,2022-12-07T08:09:44Z,2,2,C#,TRUE,TRUE,GNU General Public License v3.0
michaelliao,michaelliao/locking-vault-contract,2022-11-23T02:14:32Z,1,1,HTML,TRUE,TRUE,GNU General Public License v3.0
michaelliao,michaelliao/airdrop-contract,2022-11-24T02:33:56Z,2,2,,TRUE,TRUE,GNU General Public License v3.0
michaelliao,michaelliao/www-start-script,2022-11-18T11:42:00Z,5,5,HTML,TRUE,TRUE,GNU General Public License v3.0
michaelliao,michaelliao/learn-verilog,2021-09-09T03:14:55Z,34,34,Verilog,TRUE,TRUE,GNU General Public License v3.0
michaelliao,michaelliao/learn-sql,2018-11-03T12:08:56Z,104,104,Java,TRUE,TRUE,
michaelliao,michaelliao/virtual-keyboard,2022-09-06T00:31:38Z,14,14,C#,FALSE,FALSE,GNU General Public License v3.0
michaelliao,michaelliao/simple-trading-engine,2021-12-22T11:37:39Z,26,26,Java,TRUE,TRUE,GNU General Public License v3.0
michaelliao,michaelliao/simple-assets,2021-12-20T09:51:42Z,4,4,Java,TRUE,TRUE,GNU General Public License v3.0
michaelliao,michaelliao/simple-match-engine,2021-12-09T14:02:09Z,52,52,Java,TRUE,TRUE,GNU General Public License v3.0
michaelliao,michaelliao/learn-docker,2022-05-20T02:24:46Z,8,8,Python,TRUE,TRUE,GNU General Public License v3.0
michaelliao,michaelliao/jxrest,2014-10-16T01:49:54Z,8,8,Java,FALSE,FALSE,Apache License 2.0
michaelliao,michaelliao/jsonstream,2014-12-28T00:48:42Z,114,114,Java,TRUE,TRUE,Apache License 2.0
michaelliao,michaelliao/learn-english-word,2021-08-07T08:29:19Z,10,10,HTML,TRUE,TRUE,GNU General Public License v3.0
michaelliao,michaelliao/simple-nft,2022-01-28T10:57:28Z,9,9,HTML,TRUE,TRUE,GNU General Public License v3.0
michaelliao,michaelliao/vote-dapp,2021-08-30T05:30:35Z,13,13,HTML,TRUE,TRUE,GNU General Public License v3.0
michaelliao,michaelliao/crypto-tele-bot,2021-06-08T01:31:44Z,9,9,Java,TRUE,TRUE,
michaelliao,michaelliao/remote-code-runner,2020-04-05T07:00:32Z,133,133,Python,TRUE,TRUE,Apache License 2.0
michaelliao,michaelliao/warpchain,2018-04-03T23:52:03Z,3,3,Java,TRUE,TRUE,
michaelliao,michaelliao/blockchain-lib,2019-04-18T02:39:59Z,9,9,JavaScript,TRUE,TRUE,Apache License 2.0
michaelliao,michaelliao/sinaweibopy,2012-06-21T06:51:17Z,1272,1272,Python,TRUE,TRUE,Apache License 2.0
michaelliao,michaelliao/awesome-python-webapp,2014-05-16T05:55:57Z,2197,2197,,TRUE,TRUE,GNU General Public License v2.0
michaelliao,michaelliao/learn-javascript,2015-08-09T11:33:56Z,1729,1729,,TRUE,TRUE,Apache License 2.0
michaelliao,michaelliao/how-to-become-rich,2020-05-14T09:59:49Z,33,33,Java,TRUE,FALSE,
michaelliao,michaelliao/complex,2020-05-12T23:51:27Z,3,3,Java,TRUE,TRUE,
michaelliao,michaelliao/michaelliao.github.com,2012-10-03T04:20:01Z,4,4,CSS,TRUE,TRUE,
michaelliao,michaelliao/itranswarp.js,2014-02-10T00:35:42Z,1406,1406,JavaScript,TRUE,TRUE,Apache License 2.0
michaelliao,michaelliao/springcloud,2016-11-28T03:04:52Z,223,223,JavaScript,FALSE,FALSE,Apache License 2.0
michaelliao,michaelliao/learn-python,2013-11-28T05:36:42Z,450,450,Python,TRUE,TRUE,
michaelliao,michaelliao/es-wrapper,2016-11-14T06:37:00Z,7,7,Java,TRUE,TRUE,Apache License 2.0
michaelliao,michaelliao/openweixin,2016-02-28T11:57:31Z,108,108,CSS,FALSE,FALSE,Apache License 2.0
michaelliao,michaelliao/compiler,2016-04-26T00:17:11Z,369,369,Java,FALSE,FALSE,
michaelliao,michaelliao/algorithms,2015-10-21T07:17:09Z,20,20,Java,FALSE,FALSE,Apache License 2.0
michaelliao,michaelliao/awesome-nodejs-webapp,2015-10-16T14:21:24Z,5,5,,TRUE,TRUE,Apache License 2.0
michaelliao,michaelliao/gitskills,2013-08-21T11:25:09Z,2,2,,FALSE,FALSE,
michaelliao,michaelliao/oauth2-warp,2014-04-02T05:53:32Z,7,7,JavaScript,TRUE,TRUE,Apache License 2.0
michaelliao,michaelliao/mysql-warp,2014-03-23T04:48:57Z,12,12,JavaScript,TRUE,TRUE,Apache License 2.0
michaelliao,michaelliao/transwarp,2012-11-08T02:53:50Z,44,44,Python,FALSE,FALSE,Apache License 2.0
michaelliao,michaelliao/livebookstore,2015-03-13T02:14:59Z,2,2,Java,TRUE,FALSE,
michaelliao,michaelliao/jopenid,2015-03-13T01:45:52Z,0,0,Java,TRUE,FALSE,
michaelliao,michaelliao/webwind,2015-03-13T02:14:14Z,2,2,HTML,TRUE,FALSE,
michaelliao,michaelliao/jexieditor,2015-03-13T02:09:39Z,4,4,Java,FALSE,FALSE,
michaelliao,michaelliao/weather-china,2015-03-13T02:15:32Z,5,5,Python,TRUE,FALSE,
michaelliao,michaelliao/jxrest-doc,2015-01-20T12:35:28Z,1,1,Python,FALSE,FALSE,Apache License 2.0
michaelliao,michaelliao/jsonstream-doc,2015-01-08T02:54:51Z,2,2,Python,FALSE,FALSE,
michaelliao,michaelliao/cljweb,2014-11-21T08:45:22Z,13,13,Clojure,FALSE,FALSE,Apache License 2.0
michaelliao,michaelliao/irunning,2012-11-30T02:29:16Z,11,11,Python,FALSE,FALSE,
michaelliao,michaelliao/rtmp-livestreaming,2013-01-06T02:10:51Z,12,12,Python,FALSE,FALSE,GNU General Public License v3.0
michaelliao,michaelliao/jhtml5player,2012-12-25T04:27:29Z,7,7,JavaScript,TRUE,TRUE,GNU General Public License v3.0
michaelliao,michaelliao/miniweibo,2012-12-28T11:14:56Z,83,83,Python,TRUE,TRUE,
daimajia,daimajia/huntscreens,2024-06-08T06:31:42Z,155,155,TypeScript,TRUE,FALSE,
daimajia,daimajia/umami,2023-07-18T09:36:59Z,0,0,TypeScript,TRUE,TRUE,MIT License
daimajia,daimajia/huntscreens-puppeteer,2024-07-16T05:46:37Z,2,2,TypeScript,TRUE,TRUE,
daimajia,daimajia/daimajia,2020-12-22T04:06:43Z,4,4,,TRUE,TRUE,
daimajia,daimajia/search2ai2,2024-05-20T14:59:45Z,1,1,,TRUE,TRUE,MIT License
daimajia,daimajia/dev-rewards,2024-05-15T10:31:45Z,0,0,,TRUE,TRUE,Apache License 2.0
daimajia,daimajia/Screenshot-API,2024-09-25T02:58:38Z,1,1,,TRUE,TRUE,GNU Affero General Public License v3.0
daimajia,daimajia/starter-nestjs,2024-04-16T02:45:28Z,0,0,,TRUE,TRUE,
daimajia,daimajia/trigger-dev,2024-04-22T01:28:34Z,0,0,,TRUE,TRUE,MIT License
daimajia,daimajia/DARC,2023-12-20T15:01:54Z,0,0,,TRUE,TRUE,Other
daimajia,daimajia/AndroidSwipeLayout,2014-08-25T04:09:33Z,12376,12376,Java,TRUE,TRUE,MIT License
daimajia,daimajia/umami-9Qeb,2023-10-07T22:17:15Z,0,0,JavaScript,TRUE,TRUE,MIT License
daimajia,daimajia/chroma,2023-09-13T03:04:27Z,1,1,Python,TRUE,TRUE,Apache License 2.0
daimajia,daimajia/railway-pgvector,2023-08-30T05:52:46Z,3,3,Dockerfile,TRUE,TRUE,
daimajia,daimajia/llm.report,2023-08-28T10:01:27Z,1,1,,TRUE,FALSE,GNU General Public License v3.0
daimajia,daimajia/ui,2023-07-19T22:34:53Z,0,0,,TRUE,FALSE,MIT License
daimajia,daimajia/AndroidViewHover,2014-08-08T12:04:43Z,3206,3206,Java,TRUE,TRUE,
daimajia,daimajia/showcase_chat,2023-05-24T06:42:05Z,0,0,,TRUE,TRUE,
daimajia,daimajia/mongodb,2023-04-06T01:58:50Z,0,0,JavaScript,TRUE,TRUE,Other
daimajia,daimajia/ChatGPT-Next-Web-1,2023-03-29T11:00:23Z,3,3,,TRUE,FALSE,Other
daimajia,daimajia/git-repo,2015-04-14T15:31:14Z,0,0,Python,TRUE,TRUE,Apache License 2.0
daimajia,daimajia/DeFiHackLabs,2022-11-03T22:14:20Z,0,0,,TRUE,TRUE,
daimajia,daimajia/java-multithread-downloader,2013-06-06T02:02:02Z,268,268,Java,TRUE,TRUE,
daimajia,daimajia/solidity-by-example.github.io,2022-01-12T06:09:47Z,2,2,TypeScript,TRUE,TRUE,MIT License
daimajia,daimajia/AnimeTaste,2013-09-18T13:55:47Z,1622,1622,Java,TRUE,TRUE,MIT License
daimajia,daimajia/AndroidViewAnimations,2014-06-23T03:53:13Z,12428,12428,Java,TRUE,TRUE,MIT License
daimajia,daimajia/tp,2021-07-31T23:06:16Z,1,1,,TRUE,TRUE,
daimajia,daimajia/eul,2021-07-08T14:44:44Z,1,1,Swift,TRUE,TRUE,MIT License
daimajia,daimajia/SwiftYFinance,2021-07-24T22:23:25Z,1,1,,TRUE,TRUE,MIT License
daimajia,daimajia/Localize-Swift,2021-07-13T22:27:17Z,2,2,,TRUE,TRUE,MIT License
daimajia,daimajia/AndroidImageSlider,2014-06-02T06:04:17Z,5627,5627,Java,TRUE,TRUE,MIT License
daimajia,daimajia/NumberProgressBar,2014-05-01T08:54:25Z,6069,6069,Java,TRUE,TRUE,MIT License
daimajia,daimajia/AnimationEasingFunctions,2014-06-29T07:02:38Z,2470,2470,Java,TRUE,TRUE,MIT License
daimajia,daimajia/cosmos,2018-06-29T03:39:26Z,1,1,TeX,TRUE,TRUE,
daimajia,daimajia/eos,2018-06-06T01:25:22Z,1,1,WebAssembly,TRUE,TRUE,MIT License
daimajia,daimajia/Android-Charts,2014-05-09T09:22:14Z,28,28,Java,TRUE,TRUE,Apache License 2.0
daimajia,daimajia/vue-feather-icon,2017-07-15T00:30:02Z,1,1,Vue,TRUE,TRUE,
daimajia,daimajia/XposedTools,2017-05-06T02:22:51Z,0,0,Perl,TRUE,TRUE,
daimajia,daimajia/appmon,2017-05-03T14:35:20Z,1,1,JavaScript,TRUE,TRUE,Apache License 2.0
daimajia,daimajia/social-auth-simulator,2013-02-04T09:26:44Z,109,109,Python,TRUE,TRUE,
daimajia,daimajia/bleed-baidu-white,2013-06-07T02:41:11Z,465,465,Python,TRUE,TRUE,
daimajia,daimajia/wxpy,2017-03-01T05:40:06Z,26,26,Python,TRUE,TRUE,MIT License
daimajia,daimajia/python-telegram-bot,2017-02-06T06:09:52Z,7,7,Python,TRUE,TRUE,GNU General Public License v3.0
daimajia,daimajia/realm-java,2017-02-21T09:18:42Z,1,1,Java,TRUE,TRUE,Other
daimajia,daimajia/sinaweibopy,2016-11-17T12:51:53Z,4,4,Python,TRUE,TRUE,Apache License 2.0
daimajia,daimajia/Notes,2015-06-12T05:38:49Z,131,131,Java,TRUE,TRUE,
daimajia,daimajia/Router,2016-09-30T00:30:38Z,8,8,Java,TRUE,TRUE,
daimajia,daimajia/lyp_pv,2016-10-18T00:10:08Z,1,1,Python,TRUE,TRUE,GNU General Public License v3.0
daimajia,daimajia/mr-mantou-android,2016-03-15T15:16:39Z,3,3,Java,TRUE,TRUE,GNU General Public License v3.0
daimajia,daimajia/Gank.IO,2016-02-12T07:16:03Z,23,23,,TRUE,TRUE,MIT License
daimajia,daimajia/thank-you-github,2016-01-17T16:31:51Z,2,2,,TRUE,TRUE,
daimajia,daimajia/DemoCollections,2015-10-16T06:11:04Z,1,1,Java,TRUE,TRUE,
daimajia,daimajia/kotlin-web-site-cn,2015-10-01T06:39:05Z,10,10,JavaScript,TRUE,FALSE,
daimajia,daimajia/KSYMediaPlayer-Android-SDK,2015-09-13T04:05:06Z,18,18,Java,TRUE,TRUE,
daimajia,daimajia/ExoMedia,2015-09-09T01:07:50Z,12,12,Java,TRUE,TRUE,Apache License 2.0
daimajia,daimajia/emoji-picker,2015-09-01T01:47:58Z,6,6,JavaScript,TRUE,TRUE,Other
daimajia,daimajia/Meizhi,2015-06-26T08:39:57Z,41,41,Java,TRUE,TRUE,
daimajia,daimajia/todo,2015-06-27T03:15:43Z,4,4,HTML,TRUE,TRUE,Other
daimajia,daimajia/popcorn,2015-06-27T03:13:34Z,1,1,CSS,TRUE,TRUE,Other
daimajia,daimajia/studio-todo,2015-06-27T03:06:53Z,2,2,HTML,TRUE,TRUE,Other
daimajia,daimajia/NetEase-MusicBox,2015-05-19T03:11:43Z,13,13,Python,TRUE,TRUE,
daimajia,daimajia/Ninja,2015-05-21T00:58:42Z,11,11,Java,TRUE,FALSE,Apache License 2.0
daimajia,daimajia/Android-Ganhuo,2015-04-24T07:41:52Z,13,13,Java,TRUE,TRUE,
daimajia,daimajia/android,2015-04-14T14:49:55Z,4,4,,TRUE,FALSE,
daimajia,daimajia/ComicReader,2015-04-13T10:25:15Z,25,25,Java,TRUE,TRUE,
daimajia,daimajia/RecyclerViewFastScroller,2015-04-03T08:15:21Z,13,13,Java,TRUE,TRUE,Other
daimajia,daimajia/docker-wordpress-nginx,2015-04-06T15:03:09Z,1,1,Shell,TRUE,TRUE,MIT License
daimajia,daimajia/droidwall,2015-03-22T01:52:01Z,0,0,,TRUE,FALSE,
daimajia,daimajia/MaterialNavigationDrawer,2015-02-14T16:30:31Z,23,23,Java,TRUE,TRUE,Apache License 2.0
daimajia,daimajia/shadowsocks-docker,2015-04-20T23:56:30Z,2,2,Shell,TRUE,TRUE,MIT License
daimajia,daimajia/SuperRecyclerView,2015-01-17T15:52:21Z,12,12,Java,TRUE,TRUE,
daimajia,daimajia/wren,2015-01-03T02:54:03Z,1,1,C,TRUE,TRUE,Other
daimajia,daimajia/caffeine,2015-03-25T11:44:09Z,9,9,Java,TRUE,TRUE,"BSD 3-Clause ""New"" or ""Revised"" License"
daimajia,daimajia/duktape,2014-12-10T16:00:29Z,1,1,JavaScript,TRUE,FALSE,Other
daimajia,daimajia/fmpro,2014-09-05T12:00:27Z,1,1,,TRUE,TRUE,
daimajia,daimajia/EverMemo,2013-09-25T03:19:27Z,797,797,Java,TRUE,TRUE,MIT License
daimajia,daimajia/ViewPagerTransforms,2014-05-29T02:07:42Z,46,46,Java,TRUE,TRUE,Apache License 2.0
daimajia,daimajia/revenge,2014-02-26T07:38:02Z,307,307,JavaScript,TRUE,TRUE,MIT License
daimajia,daimajia/node-blindparser,2015-06-16T03:47:58Z,1,1,JavaScript,TRUE,TRUE,MIT License
daimajia,daimajia/little-bear-dictionary,2012-10-31T12:59:54Z,275,275,Java,TRUE,TRUE,
daimajia,daimajia/Learn-Algorithm,2014-02-11T02:21:53Z,5,5,,TRUE,TRUE,
daimajia,daimajia/SuperToasts,2014-01-21T06:23:02Z,7,7,Java,TRUE,TRUE,Apache License 2.0
daimajia,daimajia/StoryTimeline,2014-01-13T08:11:53Z,2,2,JavaScript,TRUE,TRUE,
daimajia,daimajia/smali2java,2017-03-08T08:38:55Z,2,2,Java,TRUE,TRUE,
daimajia,daimajia/EverMemo-EverNote,2013-10-06T07:46:35Z,14,14,Java,TRUE,TRUE,MIT License
daimajia,daimajia/little-bear-dictionary-dependency,2013-07-08T22:33:56Z,1,1,,TRUE,TRUE,
daimajia,daimajia/dictionary,2013-05-20T04:42:20Z,5,5,,TRUE,TRUE,
daimajia,daimajia/old-version-little-bear-dictionary,2013-05-20T01:05:10Z,2,2,Java,TRUE,TRUE,
daimajia,daimajia/SAE_wordpress_blog,2013-03-20T10:01:33Z,3,3,PHP,TRUE,TRUE,Other
xiaolai,xiaolai/regular-investing-in-box,2019-07-13T01:22:05Z,5653,5653,Python,TRUE,TRUE,
xiaolai,xiaolai/Toddler-Picture-Story-Generator,2024-10-03T18:50:18Z,33,33,Python,TRUE,TRUE,MIT License
xiaolai,xiaolai/toggle-chat-list,2024-10-01T10:18:38Z,2,2,JavaScript,TRUE,TRUE,
xiaolai,xiaolai/chatbox,2024-09-12T08:01:52Z,0,0,,TRUE,TRUE,GNU General Public License v3.0
xiaolai,xiaolai/100-Very-Short-Sentences-in-American-English,2024-08-04T22:58:59Z,32,32,HTML,TRUE,TRUE,
xiaolai,xiaolai/1000-hours,2024-02-10T02:51:53Z,128,128,Jupyter Notebook,TRUE,TRUE,
xiaolai,xiaolai/typing-app,2024-10-30T03:46:56Z,1,1,,TRUE,TRUE,MIT License
xiaolai,xiaolai/most-common-american-idioms,2024-06-24T00:53:37Z,919,919,Jupyter Notebook,TRUE,TRUE,
xiaolai,xiaolai/bitcoin-whitepaper-chinese-translation,2018-10-28T11:15:13Z,980,980,HTML,TRUE,TRUE,
xiaolai,xiaolai/everyones-guide-for-starting-up-on-wechat-network,2020-07-24T01:16:05Z,1086,1086,,TRUE,TRUE,
xiaolai,xiaolai/the-self-cultivation-of-leeks,2019-03-20T10:22:44Z,656,656,,TRUE,TRUE,
xiaolai,xiaolai/apple-computer-literacy,2021-10-02T05:17:39Z,392,392,HTML,TRUE,TRUE,
xiaolai,xiaolai/tobiplayer,2023-09-12T10:01:51Z,102,102,Vue,TRUE,TRUE,MIT License
xiaolai,xiaolai/xiaolai.github.io,2016-05-23T05:59:56Z,1524,1524,HTML,TRUE,TRUE,
xiaolai,xiaolai/time-as-a-friend,2019-03-15T16:12:55Z,2403,2403,,TRUE,TRUE,
xiaolai,xiaolai/writing-comparison-in-english,2020-01-05T03:43:05Z,138,138,,TRUE,TRUE,
xiaolai,xiaolai/public-speaking-with-meaning,2019-03-28T15:47:53Z,1198,1198,Python,TRUE,TRUE,
xiaolai,xiaolai/Window-Management-alfredworkflow,2023-11-16T00:33:18Z,10,10,,TRUE,TRUE,Apache License 2.0
xiaolai,xiaolai/Python-Cheatsheets-in-Jupyter-Notebooks,2023-11-08T00:28:08Z,8,8,Jupyter Notebook,TRUE,TRUE,
xiaolai,xiaolai/edge-tts-webui,2023-07-21T10:59:28Z,12,12,Python,TRUE,TRUE,GNU General Public License v3.0
xiaolai,xiaolai/reborn,2016-02-10T16:55:17Z,362,362,Jupyter Notebook,TRUE,TRUE,
xiaolai,xiaolai/lets-go-professional-source-code,2023-01-07T02:16:09Z,43,43,Go,TRUE,TRUE,
xiaolai,xiaolai/mcode,2022-12-18T11:35:55Z,14,14,JavaScript,TRUE,TRUE,
xiaolai,xiaolai/toefl-ibt-vocabulary-in-context,2022-12-18T02:34:07Z,38,38,,TRUE,TRUE,
xiaolai,xiaolai/reference,2022-12-14T15:15:26Z,4,4,,TRUE,FALSE,MIT License
xiaolai,xiaolai/heti,2022-12-08T14:25:33Z,13,13,SCSS,TRUE,FALSE,MIT License
xiaolai,xiaolai/gold-miner,2022-12-20T06:19:38Z,28,28,,TRUE,TRUE,
xiaolai,xiaolai/minimal-code,2022-12-16T08:52:55Z,2,2,,TRUE,TRUE,MIT License
xiaolai,xiaolai/virtual-bookshelf,2022-05-08T04:14:23Z,10,10,,TRUE,TRUE,The Unlicense
xiaolai,xiaolai/functional-programming-jargon,2022-07-04T10:52:56Z,2,2,,TRUE,TRUE,MIT License
xiaolai,xiaolai/spreadsheets-for-investors,2021-01-01T06:08:13Z,325,325,,TRUE,TRUE,
xiaolai,xiaolai/high-school-guide-to-machine-learning,2021-12-11T05:44:11Z,26,26,,TRUE,TRUE,
xiaolai,xiaolai/ThinkBayes2,2021-12-23T09:08:29Z,10,10,,TRUE,TRUE,MIT License
xiaolai,xiaolai/blockchainlittlebook.com,2019-10-29T10:28:22Z,770,770,HTML,TRUE,TRUE,
xiaolai,xiaolai/INB-Principles,2017-06-03T07:47:48Z,441,441,,TRUE,TRUE,
xiaolai,xiaolai/slidology-from-xiaolai,2020-05-02T16:07:51Z,182,182,VBA,TRUE,TRUE,
xiaolai,xiaolai/influential-cs-books,2021-08-24T06:41:46Z,22,22,,TRUE,TRUE,Other
xiaolai,xiaolai/documentation-system,2021-02-02T23:17:18Z,12,12,,TRUE,TRUE,
xiaolai,xiaolai/help-to-be-helped,2020-01-31T09:04:27Z,191,191,,TRUE,TRUE,Apache License 2.0
xiaolai,xiaolai/zuoxiangqicheng,2020-01-29T08:04:28Z,266,266,,TRUE,TRUE,
xiaolai,xiaolai/extract-histical-data-from-yahoo-finance,2020-02-11T11:37:31Z,28,28,Jupyter Notebook,TRUE,TRUE,
xiaolai,xiaolai/FinanceDataReader,2020-02-10T08:01:12Z,20,20,,TRUE,TRUE,
xiaolai,xiaolai/twe185,2019-03-15T16:39:05Z,368,368,,TRUE,TRUE,
xiaolai,xiaolai/English-to-IPA,2020-01-09T17:53:09Z,15,15,Python,TRUE,TRUE,MIT License
xiaolai,xiaolai/prezicnfonts,2019-12-28T16:31:00Z,12,12,,TRUE,TRUE,
xiaolai,xiaolai/ji,2019-03-15T16:19:45Z,438,438,,TRUE,TRUE,
xiaolai,xiaolai/a-new-english-reading-handbook,2019-03-15T16:41:03Z,447,447,,TRUE,TRUE,
xiaolai,xiaolai/markdownlint,2019-04-03T03:08:35Z,29,29,JavaScript,TRUE,TRUE,MIT License
xiaolai,xiaolai/chitchat-on-translation,2019-03-28T10:07:39Z,116,116,,TRUE,TRUE,GNU General Public License v3.0
xiaolai,xiaolai/git,2019-03-26T15:56:56Z,33,33,C,TRUE,FALSE,Other
xiaolai,xiaolai/markdown-formatter,2019-04-13T14:40:40Z,26,26,TypeScript,TRUE,TRUE,
xiaolai,xiaolai/microsoft-style-guide,2019-03-22T01:42:07Z,28,28,PowerShell,TRUE,TRUE,Creative Commons Attribution 4.0 International
xiaolai,xiaolai/the-python-tutorial-in-other-formats,2019-02-08T16:33:07Z,92,92,HTML,TRUE,TRUE,
xiaolai,xiaolai/bitcoin-whitepaper,2018-10-27T13:58:48Z,53,53,CSS,TRUE,TRUE,Other
xiaolai,xiaolai/rime-settings,2012-10-22T06:24:14Z,39,39,,TRUE,TRUE,
draveness,draveness/git-ignore,2019-03-01T08:47:04Z,3,3,Rust,TRUE,TRUE,MIT License
draveness,draveness/tmpwatch-controller,2022-01-07T13:26:05Z,2,2,Dockerfile,TRUE,TRUE,
draveness,draveness/analyze,2016-03-19T02:53:31Z,8112,8112,Objective-C,FALSE,FALSE,
draveness,draveness/oceanbook,2019-07-02T12:15:44Z,25,25,Go,TRUE,TRUE,MIT License
draveness,draveness/website,2019-03-02T11:56:52Z,1,1,HTML,TRUE,TRUE,Creative Commons Attribution 4.0 International
draveness,draveness/kubernetes,2019-02-15T09:37:06Z,7,7,Go,TRUE,FALSE,Apache License 2.0
draveness,draveness/linux,2021-04-13T13:06:18Z,3,3,,TRUE,FALSE,Other
draveness,draveness/scheduler-plugins,2020-12-29T09:51:46Z,0,0,,TRUE,TRUE,Apache License 2.0
draveness,draveness/vcpkg,2021-01-01T03:30:45Z,1,1,,TRUE,TRUE,Other
draveness,draveness/sampleproject,2020-12-25T15:11:11Z,0,0,,TRUE,FALSE,MIT License
draveness,draveness/sarama,2020-12-02T02:42:26Z,0,0,,TRUE,TRUE,MIT License
draveness,draveness/go-utils,2020-10-29T03:36:22Z,11,11,Go,TRUE,TRUE,
draveness,draveness/golangci-lint,2020-10-23T07:07:17Z,0,0,,TRUE,TRUE,GNU General Public License v3.0
draveness,draveness/go,2020-01-24T10:49:58Z,2,2,,TRUE,TRUE,"BSD 3-Clause ""New"" or ""Revised"" License"
draveness,draveness/enhancements,2019-04-27T04:14:20Z,3,3,Go,TRUE,FALSE,Apache License 2.0
draveness,draveness/zk,2020-09-29T03:59:03Z,0,0,,TRUE,TRUE,"BSD 3-Clause ""New"" or ""Revised"" License"
draveness,draveness/gaocegege,2020-10-09T12:08:06Z,0,0,,TRUE,TRUE,
draveness,draveness/draveness,2020-07-17T03:57:10Z,10,10,,TRUE,TRUE,
draveness,draveness/Typeset,2015-05-26T00:37:40Z,450,450,Objective-C,TRUE,TRUE,MIT License
draveness,draveness/helm-charts,2020-05-28T07:04:22Z,1,1,,TRUE,TRUE,Apache License 2.0
draveness,draveness/rudr,2020-04-26T07:57:15Z,1,1,,TRUE,TRUE,MIT License
draveness,draveness/go-internal,2019-12-21T04:45:22Z,276,276,Go,TRUE,TRUE,
draveness,draveness/binance-official-api-docs,2020-04-04T11:09:05Z,0,0,,TRUE,FALSE,
draveness,draveness/blog-comments,2017-10-27T17:44:59Z,140,140,,FALSE,FALSE,
draveness,draveness/proxier,2019-03-14T08:22:13Z,110,110,Go,TRUE,TRUE,MIT License
draveness,draveness/linux-archive,2020-01-30T09:13:24Z,88,88,C,FALSE,FALSE,
draveness,draveness/RbSwift,2017-03-16T01:44:31Z,320,320,Swift,TRUE,TRUE,MIT License
draveness,draveness/NightNight,2016-06-24T12:26:24Z,773,773,Swift,TRUE,TRUE,MIT License
draveness,draveness/DKChainableAnimationKit,2015-05-14T03:37:22Z,1894,1894,Swift,TRUE,TRUE,MIT License
draveness,draveness/DKNightVersion,2015-04-14T10:32:43Z,3553,3553,Objective-C,TRUE,TRUE,MIT License
draveness,draveness/gitbook-plugin-gitalk,2018-12-09T06:09:14Z,2,2,JavaScript,TRUE,TRUE,Apache License 2.0
draveness,draveness/hugo-lithium,2020-04-01T15:47:53Z,0,0,,TRUE,FALSE,MIT License
draveness,draveness/community,2019-07-03T15:46:24Z,0,0,Go,TRUE,FALSE,Apache License 2.0
draveness,draveness/test-infra,2019-06-24T16:33:15Z,1,1,Go,TRUE,FALSE,Apache License 2.0
draveness,draveness/federation-v2,2019-04-18T09:04:03Z,3,3,Go,TRUE,TRUE,Apache License 2.0
draveness,draveness/istio,2019-03-27T01:31:44Z,0,0,Go,TRUE,TRUE,Apache License 2.0
draveness,draveness/JSONCop,2016-09-17T14:00:08Z,30,30,Ruby,TRUE,TRUE,MIT License
draveness,draveness/gitbook-plugin-customize-footer,2018-12-09T05:43:56Z,0,0,JavaScript,TRUE,TRUE,
draveness,draveness/oh-my-zsh,2018-11-16T03:04:29Z,4,4,Shell,TRUE,TRUE,Other
draveness,draveness/absinthe_relay,2018-05-10T07:35:50Z,0,0,Elixir,TRUE,TRUE,MIT License
draveness,draveness/config,2017-03-11T03:31:14Z,0,0,Emacs Lisp,TRUE,TRUE,
draveness,draveness/Mineral,2017-04-13T16:26:06Z,29,29,Swift,TRUE,TRUE,MIT License
draveness,draveness/project-status,2017-04-01T15:36:00Z,0,0,,TRUE,TRUE,
draveness,draveness/Daytabase,2017-03-01T05:24:34Z,1,1,Swift,TRUE,TRUE,
draveness,draveness/OKObserver,2016-05-18T14:24:10Z,11,11,Objective-C,TRUE,TRUE,MIT License
draveness,draveness/ATProperty,2015-05-28T04:35:16Z,135,135,Objective-C,TRUE,TRUE,MIT License
draveness,draveness/Crotalus,2015-08-22T03:28:27Z,19,19,Swift,TRUE,TRUE,MIT License
draveness,draveness/Ouroboros,2015-10-28T11:00:03Z,149,149,Objective-C,TRUE,TRUE,MIT License
draveness,draveness/SpaceShuttle,2015-05-19T07:40:51Z,12,12,Objective-C,TRUE,TRUE,MIT License
draveness,draveness/ChainableKit,2015-05-12T11:01:48Z,27,27,Objective-C,TRUE,TRUE,MIT License
hongyangAndroid,hongyangAndroid/ark-bytecode-010editor-template,2023-12-05T03:02:20Z,0,0,,TRUE,TRUE,MIT License
hongyangAndroid,hongyangAndroid/keystone,2023-12-15T13:36:25Z,0,0,,TRUE,TRUE,GNU General Public License v2.0
hongyangAndroid,hongyangAndroid/xDL,2023-04-13T03:44:19Z,2,2,,TRUE,FALSE,MIT License
hongyangAndroid,hongyangAndroid/okhttputils,2015-08-17T14:53:29Z,6872,6872,Java,TRUE,TRUE,Apache License 2.0
hongyangAndroid,hongyangAndroid/Battery-Metrics,2022-12-28T08:25:11Z,0,0,,TRUE,FALSE,MIT License
hongyangAndroid,hongyangAndroid/Signal,2022-07-12T04:07:39Z,0,0,,TRUE,TRUE,
hongyangAndroid,hongyangAndroid/mobileperf,2022-10-11T13:13:12Z,1,1,,TRUE,TRUE,MIT License
hongyangAndroid,hongyangAndroid/ADI,2022-05-05T13:18:11Z,1,1,,TRUE,TRUE,Apache License 2.0
hongyangAndroid,hongyangAndroid/android-inline-hook,2022-05-24T06:59:51Z,1,1,,TRUE,FALSE,MIT License
hongyangAndroid,hongyangAndroid/html-tutorial,2022-03-22T07:48:51Z,0,0,,TRUE,TRUE,
hongyangAndroid,hongyangAndroid/clang-tutorial,2022-03-15T10:22:57Z,1,1,,TRUE,TRUE,
hongyangAndroid,hongyangAndroid/weather,2022-02-20T13:01:50Z,1,1,,TRUE,TRUE,
hongyangAndroid,hongyangAndroid/Highlight,2015-10-08T15:03:40Z,3150,3150,Java,TRUE,TRUE,Apache License 2.0
hongyangAndroid,hongyangAndroid/btrace,2021-12-28T10:22:32Z,1,1,,TRUE,TRUE,Other
hongyangAndroid,hongyangAndroid/baseAdapter,2015-08-03T02:55:51Z,4728,4728,Java,TRUE,TRUE,Apache License 2.0
hongyangAndroid,hongyangAndroid/FitAndroid7,2017-06-01T14:37:21Z,556,556,Java,TRUE,TRUE,Apache License 2.0
hongyangAndroid,hongyangAndroid/Dexter,2021-12-31T10:38:24Z,1,1,,TRUE,TRUE,Apache License 2.0
hongyangAndroid,hongyangAndroid/memory-leak-detector,2021-05-14T09:31:38Z,3,3,,TRUE,TRUE,Other
hongyangAndroid,hongyangAndroid/MultiStatePage,2020-12-07T17:44:10Z,18,18,,TRUE,TRUE,Apache License 2.0
hongyangAndroid,hongyangAndroid/hongyangAndroid,2020-11-05T10:21:06Z,1,1,,TRUE,TRUE,
hongyangAndroid,hongyangAndroid/bot-sdk,2021-07-06T09:11:59Z,0,0,,TRUE,TRUE,Apache License 2.0
hongyangAndroid,hongyangAndroid/flutter_weather_bg,2020-10-18T14:56:15Z,0,0,,TRUE,TRUE,MIT License
hongyangAndroid,hongyangAndroid/idisfkj,2020-09-19T08:58:51Z,0,0,,TRUE,TRUE,
hongyangAndroid,hongyangAndroid/Moosphan,2020-11-05T10:13:31Z,0,0,,TRUE,TRUE,
hongyangAndroid,hongyangAndroid/hi-dhl,2020-10-24T04:51:36Z,0,0,,TRUE,TRUE,
hongyangAndroid,hongyangAndroid/ViewOptDemo,2020-05-31T11:12:49Z,47,47,Java,TRUE,TRUE,
hongyangAndroid,hongyangAndroid/xHook,2020-11-11T03:24:34Z,1,1,,TRUE,TRUE,Other
hongyangAndroid,hongyangAndroid/hongyangWeixinArticles,2016-05-05T04:40:52Z,785,785,,TRUE,TRUE,Apache License 2.0
hongyangAndroid,hongyangAndroid/GroupedRecyclerViewAdapter,2020-05-21T15:13:40Z,8,8,,TRUE,TRUE,Apache License 2.0
hongyangAndroid,hongyangAndroid/viewpagerindicator,2020-04-26T13:24:09Z,4,4,,TRUE,TRUE,Apache License 2.0
hongyangAndroid,hongyangAndroid/wanandroid,2015-09-07T09:56:30Z,587,587,JavaScript,TRUE,TRUE,Apache License 2.0
hongyangAndroid,hongyangAndroid/ndk_dlopen,2022-11-29T03:12:30Z,0,0,,TRUE,FALSE,
hongyangAndroid,hongyangAndroid/ELinkageScroll,2020-03-07T13:49:26Z,11,11,,TRUE,TRUE,Apache License 2.0
hongyangAndroid,hongyangAndroid/FlowLayout,2015-08-28T09:32:31Z,5599,5599,Java,TRUE,TRUE,Apache License 2.0
hongyangAndroid,hongyangAndroid/GSYGithubAppFlutter,2019-05-26T06:15:09Z,41,41,Dart,TRUE,TRUE,Apache License 2.0
hongyangAndroid,hongyangAndroid/MPermissions,2016-02-21T10:37:57Z,976,976,Java,TRUE,TRUE,Apache License 2.0
hongyangAndroid,hongyangAndroid/AndroidAutoLayout,2015-11-19T02:09:11Z,6676,6676,Java,TRUE,TRUE,Apache License 2.0
hongyangAndroid,hongyangAndroid/Android-StickyNavLayout,2015-02-08T17:13:56Z,1427,1427,Java,TRUE,TRUE,Apache License 2.0
hongyangAndroid,hongyangAndroid/AndroidCpuTools,2022-10-10T07:58:12Z,0,0,,TRUE,TRUE,
hongyangAndroid,hongyangAndroid/android-percent-support-extend,2015-06-30T12:39:20Z,1808,1808,Java,TRUE,TRUE,Apache License 2.0
hongyangAndroid,hongyangAndroid/quickappDemo,2018-03-21T15:06:50Z,79,79,JavaScript,TRUE,FALSE,Apache License 2.0
hongyangAndroid,hongyangAndroid/GPT,2018-05-14T05:53:52Z,0,0,Java,TRUE,TRUE,Apache License 2.0
hongyangAndroid,hongyangAndroid/hymanAndroid.github.io,2018-03-05T14:45:23Z,0,0,HTML,TRUE,TRUE,
hongyangAndroid,hongyangAndroid/SmartRefreshLayout,2018-02-15T04:37:21Z,67,67,Java,TRUE,TRUE,Apache License 2.0
hongyangAndroid,hongyangAndroid/mua,2018-02-22T04:20:13Z,2,2,Java,TRUE,TRUE,MIT License
hongyangAndroid,hongyangAndroid/AndroidGodEye,2018-01-28T14:01:47Z,7,7,JavaScript,TRUE,TRUE,Apache License 2.0
hongyangAndroid,hongyangAndroid/WanAndroidClient,2018-01-28T14:34:01Z,12,12,Kotlin,TRUE,TRUE,Apache License 2.0
hongyangAndroid,hongyangAndroid/demo_ShowPhoneMp4,2018-01-16T14:28:03Z,66,66,Java,TRUE,TRUE,Apache License 2.0
hongyangAndroid,hongyangAndroid/WifiTransfer-master,2018-01-16T06:30:09Z,22,22,Java,TRUE,TRUE,
hongyangAndroid,hongyangAndroid/EasySports,2018-01-22T14:00:45Z,25,25,Java,TRUE,TRUE,
hongyangAndroid,hongyangAndroid/TranslateApp,2018-01-28T14:03:59Z,3,3,Java,TRUE,TRUE,Other
hongyangAndroid,hongyangAndroid/kotlin_tips,2018-01-07T04:23:33Z,30,30,Kotlin,TRUE,TRUE,
hongyangAndroid,hongyangAndroid/AndroidSourceCodeXS,2018-01-01T10:30:31Z,6,6,Java,TRUE,TRUE,
hongyangAndroid,hongyangAndroid/DDAutoTracker,2018-01-05T03:08:47Z,6,6,Java,TRUE,TRUE,
hongyangAndroid,hongyangAndroid/demo_rvadimage,2017-12-04T12:43:31Z,133,133,Java,TRUE,TRUE,Apache License 2.0
hongyangAndroid,hongyangAndroid/Musicoco,2018-01-28T06:19:40Z,20,20,Java,TRUE,TRUE,Apache License 2.0
hongyangAndroid,hongyangAndroid/Android_Blog_Demos,2015-04-26T10:00:20Z,1580,1580,Java,TRUE,TRUE,Apache License 2.0
hongyangAndroid,hongyangAndroid/Eyepetizer-in-Kotlin,2018-01-28T14:13:39Z,11,11,Kotlin,TRUE,TRUE,
hongyangAndroid,hongyangAndroid/MixtureTextView,2015-08-20T08:54:06Z,817,817,Java,TRUE,TRUE,Apache License 2.0
hongyangAndroid,hongyangAndroid/MagicViewPager,2016-05-07T03:17:26Z,870,870,Java,TRUE,TRUE,Apache License 2.0
hongyangAndroid,hongyangAndroid/ItTrainingInstitutions,2017-10-08T06:49:40Z,3,3,,TRUE,TRUE,
hongyangAndroid,hongyangAndroid/ScrollNumberView,2015-03-06T02:17:37Z,99,99,Java,TRUE,TRUE,Apache License 2.0
hongyangAndroid,hongyangAndroid/ColorfulStatusBar,2015-09-21T11:34:40Z,477,477,Java,TRUE,TRUE,Apache License 2.0
hongyangAndroid,hongyangAndroid/ChangeSkin,2015-09-28T11:28:42Z,1149,1149,Java,TRUE,TRUE,Apache License 2.0
hongyangAndroid,hongyangAndroid/Android-ViewPagerIndicator,2015-01-29T07:14:09Z,258,258,Java,TRUE,TRUE,Apache License 2.0
hongyangAndroid,hongyangAndroid/Android-ProgressBarWidthNumber,2015-01-29T13:50:45Z,526,526,Java,TRUE,TRUE,Apache License 2.0
hongyangAndroid,hongyangAndroid/Android-HyViewInject,2015-02-04T05:10:53Z,68,68,Java,TRUE,TRUE,Apache License 2.0
hongyangAndroid,hongyangAndroid/mooc_hyman,2015-09-14T07:32:30Z,25,25,Java,TRUE,TRUE,Apache License 2.0
hongyangAndroid,hongyangAndroid/tinker,2017-02-24T09:53:07Z,5,5,Java,TRUE,TRUE,Other
hongyangAndroid,hongyangAndroid/weiqunkong,2017-05-26T03:28:42Z,20,20,Java,TRUE,TRUE,
hongyangAndroid,hongyangAndroid/BsDiff_And_Patch,2016-10-07T16:52:53Z,101,101,Makefile,TRUE,TRUE,Apache License 2.0
hongyangAndroid,hongyangAndroid/basetools,2016-09-11T09:05:53Z,27,27,Java,TRUE,TRUE,Apache License 2.0
hongyangAndroid,hongyangAndroid/LitePal,2015-08-27T14:16:07Z,12,12,Java,TRUE,TRUE,Apache License 2.0
hongyangAndroid,hongyangAndroid/AndroidSdkSourceAnalysis,2016-05-10T04:07:09Z,110,110,,TRUE,TRUE,
hongyangAndroid,hongyangAndroid/AndroidChangeSkin,2015-11-02T10:33:14Z,1725,1725,Java,TRUE,TRUE,Apache License 2.0
hongyangAndroid,hongyangAndroid/FlexboxLayout-Tag,2016-05-16T13:15:18Z,44,44,Java,TRUE,TRUE,Apache License 2.0
hongyangAndroid,hongyangAndroid/hongyangAndroid.github.io,2015-03-28T08:21:13Z,4,4,HTML,TRUE,TRUE,
hongyangAndroid,hongyangAndroid/FABridge,2016-04-12T04:23:51Z,88,88,Java,TRUE,TRUE,Apache License 2.0
hongyangAndroid,hongyangAndroid/base-diskcache,2015-07-28T02:32:39Z,277,277,,TRUE,TRUE,Apache License 2.0
hongyangAndroid,hongyangAndroid/PermissionGen,2016-02-21T08:17:39Z,21,21,Java,TRUE,TRUE,Apache License 2.0
hongyangAndroid,hongyangAndroid/MetroLayout,2015-12-11T07:29:04Z,10,10,Java,TRUE,TRUE,Apache License 2.0
hongyangAndroid,hongyangAndroid/Grant,2016-02-19T12:52:07Z,1,1,Java,TRUE,TRUE,Apache License 2.0
hongyangAndroid,hongyangAndroid/ACDD,2015-11-11T07:56:39Z,0,0,Java,TRUE,TRUE,MIT License
hongyangAndroid,hongyangAndroid/sparqlmap,2015-11-05T09:08:57Z,0,0,PLSQL,TRUE,TRUE,
hongyangAndroid,hongyangAndroid/LoadingAndRetryManager,2015-08-26T14:11:00Z,650,650,Java,TRUE,TRUE,Apache License 2.0
hongyangAndroid,hongyangAndroid/DroidPlugin,2015-08-28T03:40:01Z,9,9,Java,TRUE,TRUE,GNU Lesser General Public License v3.0
hongyangAndroid,hongyangAndroid/ColorTrackView,2015-03-05T07:26:38Z,448,448,Java,TRUE,TRUE,Apache License 2.0
hongyangAndroid,hongyangAndroid/base-imageloader,2015-07-31T10:19:10Z,53,53,Java,TRUE,TRUE,Apache License 2.0
hongyangAndroid,hongyangAndroid/md-avatar,2019-04-06T03:51:45Z,0,0,JavaScript,TRUE,TRUE,
hongyangAndroid,hongyangAndroid/CustomActivityOnCrash,2015-08-04T09:44:31Z,11,11,Java,TRUE,TRUE,Apache License 2.0
hongyangAndroid,hongyangAndroid/android-percent-support-lib-sample,2015-06-30T05:50:16Z,100,100,Java,TRUE,TRUE,MIT License
hongyangAndroid,hongyangAndroid/ColorImageView,2015-05-24T11:03:36Z,127,127,Java,TRUE,TRUE,Apache License 2.0
hongyangAndroid,hongyangAndroid/NonViewUtils,2015-05-19T04:08:12Z,24,24,Java,TRUE,TRUE,Apache License 2.0
hongyangAndroid,hongyangAndroid/SpCache,2015-05-19T02:50:25Z,20,20,Java,TRUE,TRUE,Apache License 2.0
hongyangAndroid,hongyangAndroid/romannurik-code,2015-05-09T08:21:46Z,0,0,Java,TRUE,FALSE,
hongyangAndroid,hongyangAndroid/LinkedGeoData,2015-06-17T08:32:32Z,0,0,Java,TRUE,TRUE,GNU General Public License v3.0
hongyangAndroid,hongyangAndroid/ColorTrackImageView,2015-03-10T10:46:59Z,28,28,Java,TRUE,TRUE,Apache License 2.0
hongyangAndroid,hongyangAndroid/base-adapter-helper,2015-02-01T12:52:30Z,180,180,Java,TRUE,TRUE,Other
hongyangAndroid,hongyangAndroid/android-open-project-analysis,2015-01-30T04:34:28Z,15,15,,TRUE,TRUE,Apache License 2.0
hongyangAndroid,hongyangAndroid/Android-CircleMenu,2015-01-26T08:00:09Z,1180,1180,Java,TRUE,TRUE,Apache License 2.0
hongyangAndroid,hongyangAndroid/android-nologs-plugin,2020-09-20T13:24:20Z,1,1,,TRUE,TRUE,
hongyangAndroid,hongyangAndroid/sparqlmap-legacy,2015-11-05T08:54:59Z,0,0,PLSQL,TRUE,TRUE,
haoel,haoel/leetcode,2014-10-20T03:22:04Z,17628,17628,C++,TRUE,TRUE,
haoel,haoel/haoel.github.io,2016-08-09T09:11:27Z,12727,12727,Shell,TRUE,TRUE,
haoel,haoel/easeprobe,2022-03-25T03:02:46Z,5,5,Go,TRUE,TRUE,Apache License 2.0
haoel,haoel/downsampling,2019-09-07T11:25:05Z,201,201,Go,TRUE,TRUE,MIT License
haoel,haoel/ipsearch,2023-04-07T09:46:43Z,73,73,Go,TRUE,TRUE,MIT License
haoel,haoel/llama-dl,2023-03-09T11:36:04Z,1,1,,TRUE,TRUE,GNU General Public License v3.0
haoel,haoel/chatgpt-extension,2022-12-08T04:06:17Z,2,2,,TRUE,TRUE,MIT License
haoel,haoel/jsonschema,2022-09-08T02:46:03Z,2,2,,TRUE,FALSE,MIT License
haoel,haoel/mars,2022-09-20T05:16:09Z,1,1,,TRUE,TRUE,Other
haoel,haoel/mTLS,2021-12-31T05:23:42Z,210,210,Go,TRUE,TRUE,MIT License
haoel,haoel/monkey,2022-06-06T00:45:33Z,1,1,Go,TRUE,FALSE,MIT License
haoel,haoel/easegress,2021-09-07T10:14:51Z,2,2,Go,TRUE,FALSE,Apache License 2.0
haoel,haoel/gost,2022-04-03T20:48:10Z,3,3,,TRUE,TRUE,MIT License
haoel,haoel/easeagent,2022-03-17T09:36:13Z,1,1,Java,TRUE,TRUE,Apache License 2.0
haoel,haoel/linguist,2021-11-10T03:25:33Z,0,0,,TRUE,FALSE,MIT License
haoel,haoel/cpu-cache,2020-03-01T11:29:19Z,106,106,C++,TRUE,TRUE,
haoel,haoel/flot-downsample,2019-09-07T11:15:31Z,0,0,,TRUE,TRUE,
haoel,haoel/christmas,2018-12-25T02:22:19Z,53,53,HTML,TRUE,TRUE,
haoel,haoel/imgfetch,2018-11-10T14:05:24Z,60,60,Go,TRUE,TRUE,
haoel,haoel/anti-baidu,2018-07-03T04:56:54Z,20,20,JavaScript,TRUE,TRUE,
haoel,haoel/harlem_shaker,2018-07-11T07:10:18Z,0,0,CSS,TRUE,TRUE,
haoel,haoel/regression-algorithm,2014-02-19T02:39:50Z,23,23,Python,TRUE,TRUE,
haoel,haoel/left-pad,2016-03-23T18:29:47Z,2,2,JavaScript,TRUE,TRUE,
haoel,haoel/websockify-nginx-module,2014-02-14T10:03:07Z,0,0,C,TRUE,TRUE,MIT License
wizardforcel,wizardforcel/comic-translate,2024-10-11T00:32:35Z,0,0,,TRUE,TRUE,Apache License 2.0
wizardforcel,wizardforcel/PythonDataScienceHandbook,2024-09-14T05:50:37Z,3,3,Jupyter Notebook,TRUE,TRUE,MIT License
wizardforcel,wizardforcel/pydata-book,2024-09-14T04:43:38Z,1,1,Jupyter Notebook,TRUE,TRUE,Other
wizardforcel,wizardforcel/csdn-migrate-2405,2024-05-24T03:34:06Z,0,0,Shell,TRUE,TRUE,
wizardforcel,wizardforcel/fastbook,2024-04-03T04:28:30Z,2,2,Jupyter Notebook,TRUE,TRUE,Other
wizardforcel,wizardforcel/self-llm,2024-04-03T04:54:08Z,7,7,,TRUE,TRUE,Apache License 2.0
wizardforcel,wizardforcel/ideas,2023-12-26T14:58:48Z,0,0,,TRUE,TRUE,
wizardforcel,wizardforcel/lcthw-zh,2016-03-27T04:08:07Z,835,835,CSS,TRUE,TRUE,
wizardforcel,wizardforcel/run,2023-09-26T06:26:24Z,11,11,,TRUE,TRUE,Creative Commons Attribution Share Alike 4.0 International
wizardforcel,wizardforcel/test,2023-09-25T06:07:02Z,0,0,,TRUE,TRUE,
wizardforcel,wizardforcel/ggml,2023-09-06T02:54:41Z,0,0,C,TRUE,TRUE,MIT License
wizardforcel,wizardforcel/whisper.cpp,2023-08-31T04:17:03Z,0,0,C,TRUE,TRUE,MIT License
wizardforcel,wizardforcel/wizardforcel,2023-09-05T04:25:05Z,0,0,,TRUE,TRUE,
wizardforcel,wizardforcel/sentence-transformers,2023-08-11T04:35:36Z,1,1,,TRUE,FALSE,Apache License 2.0
wizardforcel,wizardforcel/sicp-py-zh,2016-08-03T02:29:58Z,2197,2197,CSS,TRUE,TRUE,
wizardforcel,wizardforcel/moss-finetune-and-moss-finetune-int8,2023-06-01T04:53:43Z,0,0,Python,TRUE,TRUE,
wizardforcel,wizardforcel/resume,2016-02-01T13:55:11Z,1,1,HTML,TRUE,TRUE,
wizardforcel,wizardforcel/hexo-theme-landfarz,2016-02-04T13:22:44Z,35,35,CSS,TRUE,TRUE,MIT License
wizardforcel,wizardforcel/red-pill-12-rules,2022-02-07T09:47:37Z,26,26,,TRUE,TRUE,
wizardforcel,wizardforcel/it-ebooks-blog,2020-09-02T00:30:49Z,67,67,EJS,TRUE,TRUE,
wizardforcel,wizardforcel/wizardforcel.github.io,2014-10-05T11:33:01Z,80,80,HTML,TRUE,TRUE,
wizardforcel,wizardforcel/blog,2016-03-09T04:16:36Z,45,45,CSS,TRUE,TRUE,
wizardforcel,wizardforcel/dataviz-zh,2022-01-03T15:39:32Z,7,7,,TRUE,TRUE,Other
wizardforcel,wizardforcel/modern-java-zh,2016-07-20T10:26:16Z,345,345,CSS,TRUE,TRUE,
wizardforcel,wizardforcel/think-os-zh,2016-06-28T12:06:43Z,325,325,CSS,TRUE,TRUE,
wizardforcel,wizardforcel/numba-doc-zh,2022-05-01T11:13:30Z,2,2,,TRUE,TRUE,Other
wizardforcel,wizardforcel/hands-on-ml-2e-zh,2021-08-09T03:56:54Z,5,5,,TRUE,TRUE,
wizardforcel,wizardforcel/hacking-reading-list,2020-10-30T12:10:39Z,16,16,,TRUE,TRUE,
wizardforcel,wizardforcel/SJTU-Courses,2021-07-24T05:09:45Z,17,17,,TRUE,TRUE,Creative Commons Attribution Share Alike 4.0 International
wizardforcel,wizardforcel/eloquent-js-3e-zh,2018-04-28T06:32:25Z,524,524,CSS,TRUE,TRUE,
wizardforcel,wizardforcel/data-science-notebook,2017-05-28T08:51:48Z,260,260,Shell,TRUE,TRUE,
wizardforcel,wizardforcel/996.ICU,2019-04-23T11:40:54Z,2,2,Rust,TRUE,FALSE,Other
wizardforcel,wizardforcel/it-ebooks-archive,2019-02-27T06:06:25Z,24,24,JavaScript,TRUE,TRUE,
wizardforcel,wizardforcel/ds-ai-tech-notes,2019-01-02T02:36:04Z,32,32,CSS,TRUE,TRUE,
wizardforcel,wizardforcel/how2tf,2018-09-10T10:31:23Z,10,10,,TRUE,TRUE,
wizardforcel,wizardforcel/hexo-theme-cyanstyle,2016-02-12T09:51:53Z,116,116,CSS,TRUE,TRUE,Other
wizardforcel,wizardforcel/markdown-simple-world,2015-04-20T14:40:17Z,492,492,CSS,TRUE,TRUE,
wizardforcel,wizardforcel/nyu-mlif-notes,2018-10-20T13:10:30Z,91,91,,TRUE,TRUE,
wizardforcel,wizardforcel/fastai-num-linalg-v2-zh,2018-10-11T14:05:28Z,18,18,CSS,TRUE,TRUE,
wizardforcel,wizardforcel/LeetCode,2018-06-27T04:40:08Z,34,34,Python,TRUE,TRUE,GNU General Public License v3.0
wizardforcel,wizardforcel/think-dast-zh,2017-09-01T09:01:19Z,422,422,CSS,TRUE,TRUE,
wizardforcel,wizardforcel/quant-wiki,2018-04-20T17:53:26Z,7,7,,TRUE,TRUE,
wizardforcel,wizardforcel/think-comp-2e-zh,2018-04-16T05:00:41Z,30,30,CSS,TRUE,TRUE,
wizardforcel,wizardforcel/pytorch-doc-zh,2018-04-06T13:50:55Z,14,14,Python,TRUE,TRUE,GNU General Public License v3.0
wizardforcel,wizardforcel/android-app-sec-guidebook-zh,2018-04-04T09:49:23Z,40,40,CSS,TRUE,TRUE,
wizardforcel,wizardforcel/scikit-learn-doc-zh,2018-04-01T01:47:28Z,22,22,Python,TRUE,FALSE,GNU General Public License v3.0
wizardforcel,wizardforcel/chinese-independent-developer,2018-03-20T03:24:23Z,69,69,,TRUE,TRUE,
wizardforcel,wizardforcel/data8-textbook-zh,2018-03-04T12:50:58Z,13,13,HTML,TRUE,TRUE,
wizardforcel,wizardforcel/gainlo-interview-guide-zh,2017-12-12T01:26:53Z,132,132,CSS,TRUE,TRUE,
wizardforcel,wizardforcel/pandas-doc-zh,2017-12-10T02:49:19Z,10,10,HTML,TRUE,TRUE,
wizardforcel,wizardforcel/numpy-ref-zh,2017-12-08T14:32:18Z,9,9,HTML,TRUE,TRUE,
wizardforcel,wizardforcel/ml-for-humans-zh,2017-10-24T03:47:04Z,40,40,CSS,TRUE,TRUE,
wizardforcel,wizardforcel/web-hacking-101-zh,2017-03-17T06:58:28Z,304,304,,TRUE,TRUE,
wizardforcel,wizardforcel/llthw-zh,2017-08-21T13:38:17Z,381,381,CSS,TRUE,TRUE,
wizardforcel,wizardforcel/lmpythw-zh,2017-08-29T03:58:05Z,17,17,CSS,TRUE,TRUE,
wizardforcel,wizardforcel/sploitfun-linux-x86-exp-tut-zh,2017-05-02T12:19:41Z,98,98,CSS,TRUE,TRUE,
wizardforcel,wizardforcel/mst-sec-lecture-notes,2016-12-20T07:08:59Z,210,210,CSS,TRUE,TRUE,
wizardforcel,wizardforcel/django-chinese-docs-18,2017-08-29T02:25:08Z,30,30,CSS,TRUE,TRUE,
wizardforcel,wizardforcel/matplotlib-user-guide-zh,2017-11-28T05:31:20Z,63,63,CSS,TRUE,TRUE,
wizardforcel,wizardforcel/scapy-docs-zh,2017-01-22T02:40:03Z,39,39,CSS,TRUE,TRUE,
wizardforcel,wizardforcel/kali-linux-web-pentest-cookbook-zh,2017-09-14T09:06:12Z,85,85,CSS,TRUE,TRUE,
wizardforcel,wizardforcel/kali-linux-cookbook-zh,2017-09-14T09:06:05Z,169,169,CSS,TRUE,TRUE,
wizardforcel,wizardforcel/bs092,2016-03-04T08:53:49Z,16,16,JavaScript,TRUE,TRUE,
wizardforcel,wizardforcel/atom-flight-manual-zh-cn,2015-08-11T06:29:29Z,60,60,CSS,TRUE,TRUE,Other
wizardforcel,wizardforcel/blog-redir,2016-03-09T05:37:32Z,1,1,HTML,TRUE,TRUE,
wizardforcel,wizardforcel/thank-you-github,2016-03-04T01:03:49Z,1,1,,TRUE,TRUE,
wizardforcel,wizardforcel/convert-to-utf8-plus,2016-02-17T02:57:15Z,1,1,CoffeeScript,TRUE,TRUE,MIT License
wizardforcel,wizardforcel/hexo-site,2016-02-04T13:59:57Z,0,0,CSS,TRUE,FALSE,MIT License
wizardforcel,wizardforcel/orm2-doc-zh-cn,2016-01-08T12:44:12Z,9,9,CSS,TRUE,TRUE,
wizardforcel,wizardforcel/se337,2015-07-06T06:45:28Z,1,1,Java,TRUE,TRUE,
wizardforcel,wizardforcel/se351,2015-07-02T12:07:05Z,0,0,,TRUE,TRUE,
wizardforcel,wizardforcel/se343,2015-07-01T01:15:42Z,1,1,Java,TRUE,TRUE,
wizardforcel,wizardforcel/morgan-otc,2015-05-26T05:02:13Z,3,3,Java,TRUE,TRUE,
wizardforcel,wizardforcel/rdf-dm-proj,2015-05-15T04:44:49Z,1,1,Java,TRUE,TRUE,
wizardforcel,wizardforcel/rmp-proj,2015-04-12T11:40:33Z,4,4,JavaScript,TRUE,TRUE,
wizardforcel,wizardforcel/se214,2015-04-13T15:08:20Z,2,2,Java,TRUE,TRUE,
wizardforcel,wizardforcel/se223,2014-10-22T11:59:01Z,0,0,Java,TRUE,TRUE,
wizardforcel,wizardforcel/se225proj2,2014-11-14T06:12:34Z,0,0,Java,TRUE,TRUE,
wizardforcel,wizardforcel/se102,2014-10-21T14:16:28Z,1,1,C++,TRUE,TRUE,
wizardforcel,wizardforcel/wp2012-trans,2014-10-22T04:40:12Z,1,1,CSS,TRUE,TRUE,
wizardforcel,wizardforcel/calc.js,2014-10-22T04:20:11Z,0,0,JavaScript,TRUE,TRUE,
wizardforcel,wizardforcel/se106project,2014-10-22T04:11:56Z,1,1,C++,TRUE,TRUE,
wizardforcel,wizardforcel/se105,2014-10-22T03:56:47Z,2,2,C++,TRUE,TRUE,
wizardforcel,wizardforcel/se106labs,2014-10-11T02:57:57Z,1,1,C++,TRUE,TRUE,
wizardforcel,wizardforcel/cselabs,2014-06-13T15:02:08Z,4,4,C++,TRUE,TRUE,
wizardforcel,wizardforcel/icslabs,2014-06-13T14:18:56Z,10,10,C,TRUE,TRUE,
i5ting,i5ting/ray-cyber,2024-05-28T07:10:20Z,0,0,,TRUE,TRUE,MIT License
i5ting,i5ting/avp-dev,2024-05-15T08:59:22Z,0,0,MDX,TRUE,TRUE,MIT License
i5ting,i5ting/the-phobia-of-spring,2024-05-10T05:01:27Z,4,4,,TRUE,TRUE,GNU General Public License v2.0
i5ting,i5ting/langshu-4,2024-04-22T12:05:18Z,1,1,,TRUE,TRUE,
i5ting,i5ting/ama,2017-02-25T15:27:29Z,101,101,,TRUE,TRUE,MIT License
i5ting,i5ting/i5ting-mac-init,2017-10-24T08:46:26Z,111,111,Shell,TRUE,TRUE,
i5ting,i5ting/node-quick-start-course,2020-03-15T14:30:01Z,35,35,,TRUE,TRUE,GNU General Public License v2.0
i5ting,i5ting/clipanion-test,2020-02-16T14:48:47Z,8,8,JavaScript,TRUE,TRUE,MIT License
i5ting,i5ting/ts-template,2023-08-28T13:37:33Z,2,2,JavaScript,TRUE,TRUE,MIT License
i5ting,i5ting/httprpc,2017-10-18T00:51:13Z,3,3,JavaScript,TRUE,TRUE,
i5ting,i5ting/i5ting,2016-10-20T10:17:04Z,70,70,JavaScript,TRUE,TRUE,
i5ting,i5ting/bodyparser,2023-07-08T10:48:56Z,0,0,TypeScript,TRUE,FALSE,MIT License
i5ting,i5ting/umi-in-action,2019-07-30T06:15:05Z,34,34,TypeScript,TRUE,FALSE,GNU General Public License v3.0
i5ting,i5ting/yrm,2016-10-12T03:55:59Z,290,290,JavaScript,TRUE,TRUE,MIT License
i5ting,i5ting/midway-base,2023-04-17T02:42:40Z,2,2,TypeScript,TRUE,TRUE,
i5ting,i5ting/f23,2023-04-06T04:06:59Z,1,1,TypeScript,TRUE,TRUE,
i5ting,i5ting/json-parser,2023-04-26T06:40:18Z,0,0,,TRUE,TRUE,Apache License 2.0
i5ting,i5ting/fe-2022-in-china,2023-02-05T03:05:19Z,156,156,,TRUE,TRUE,
i5ting,i5ting/2023,2023-02-13T04:53:59Z,1,1,,TRUE,TRUE,MIT License
i5ting,i5ting/learn-rust-for-fe,2021-11-09T08:41:45Z,1727,1727,Rust,TRUE,TRUE,Apache License 2.0
i5ting,i5ting/koa-generator,2015-12-04T16:11:25Z,974,974,JavaScript,TRUE,TRUE,MIT License
i5ting,i5ting/awesome-computer-history,2023-02-13T04:50:41Z,1,1,,TRUE,TRUE,
i5ting,i5ting/building-secure-contracts,2023-01-10T03:03:02Z,1,1,,TRUE,TRUE,GNU Affero General Public License v3.0
i5ting,i5ting/dubbo-rust,2022-11-24T09:29:54Z,1,1,,TRUE,TRUE,Apache License 2.0
i5ting,i5ting/i5,2022-11-14T12:44:13Z,1,1,,TRUE,TRUE,MIT License
i5ting,i5ting/ts-junit,2020-04-21T09:44:18Z,40,40,TypeScript,TRUE,TRUE,MIT License
i5ting,i5ting/2022,2022-10-31T01:30:57Z,4,4,,TRUE,TRUE,
i5ting,i5ting/lazycommit,2016-05-30T00:12:16Z,2,2,Shell,TRUE,TRUE,MIT License
i5ting,i5ting/viz,2022-10-31T01:37:58Z,1,1,,TRUE,TRUE,Apache License 2.0
i5ting,i5ting/vm2,2022-09-20T09:32:38Z,1,1,,TRUE,TRUE,MIT License
i5ting,i5ting/blockchain-study,2022-09-20T08:20:58Z,5,5,,TRUE,TRUE,
i5ting,i5ting/giac-2022-big-frontend,2022-07-28T07:13:03Z,8,8,,TRUE,TRUE,
i5ting,i5ting/apns-for-af,2012-12-24T23:28:49Z,3,3,Ruby,TRUE,TRUE,
i5ting,i5ting/tocmd.npm,2014-11-05T23:49:25Z,213,213,JavaScript,TRUE,TRUE,Apache License 2.0
i5ting,i5ting/devjar,2022-06-09T03:34:18Z,1,1,,TRUE,FALSE,
i5ting,i5ting/imove,2020-04-08T16:29:45Z,3751,3751,TypeScript,TRUE,TRUE,MIT License
i5ting,i5ting/pra,2022-03-09T06:44:00Z,1,1,,TRUE,TRUE,MIT License
i5ting,i5ting/The-Definitive-Guide-to-SSR,2022-01-10T03:05:48Z,5,5,,TRUE,TRUE,GNU General Public License v2.0
i5ting,i5ting/stateview,2021-09-25T06:29:17Z,42,42,TypeScript,TRUE,TRUE,MIT License
i5ting,i5ting/stateview-examples,2021-12-21T12:09:53Z,1,1,TypeScript,TRUE,TRUE,
i5ting,i5ting/molecule,2021-12-20T04:09:04Z,1,1,,TRUE,TRUE,Other
i5ting,i5ting/xview,2021-12-16T12:18:14Z,5,5,,TRUE,TRUE,MIT License
i5ting,i5ting/ssr,2021-11-23T06:12:00Z,2,2,,TRUE,TRUE,MIT License
i5ting,i5ting/diagnostics,2021-09-30T08:08:36Z,0,0,,TRUE,TRUE,MIT License
i5ting,i5ting/xv,2021-06-09T06:26:38Z,0,0,,TRUE,FALSE,Other
i5ting,i5ting/2021,2021-01-30T07:00:17Z,21,21,,TRUE,TRUE,MIT License
i5ting,i5ting/egg-cnode,2021-06-03T08:39:58Z,0,0,,TRUE,FALSE,MIT License
i5ting,i5ting/estra,2021-03-07T15:28:35Z,2,2,JavaScript,TRUE,TRUE,MIT License
i5ting,i5ting/v2ray-rules-dat,2021-04-02T03:01:37Z,0,0,,TRUE,TRUE,GNU General Public License v3.0
i5ting,i5ting/learn-ts-with-10-opensource-project,2021-02-23T12:47:40Z,41,41,,TRUE,TRUE,MIT License
i5ting,i5ting/quickdebug,2021-02-23T15:45:32Z,1,1,JavaScript,TRUE,TRUE,MIT License
i5ting,i5ting/get_closest_package_json,2016-07-25T01:15:41Z,1,1,JavaScript,TRUE,TRUE,MIT License
i5ting,i5ting/colondebug,2021-02-23T14:42:54Z,1,1,JavaScript,TRUE,TRUE,MIT License
i5ting,i5ting/modern-nodejs,2016-07-04T07:48:18Z,183,183,JavaScript,TRUE,TRUE,MIT License
i5ting,i5ting/just,2021-02-24T02:06:35Z,0,0,,TRUE,TRUE,MIT License
i5ting,i5ting/ant-design,2021-02-18T14:23:26Z,0,0,,TRUE,TRUE,MIT License
i5ting,i5ting/X6,2021-02-18T14:07:15Z,1,1,,TRUE,FALSE,MIT License
i5ting,i5ting/jest,2021-01-30T08:25:10Z,0,0,,TRUE,TRUE,MIT License
i5ting,i5ting/test-codesandbox,2021-01-16T17:00:46Z,0,0,JavaScript,TRUE,TRUE,MIT License
i5ting,i5ting/kp,2015-05-27T13:07:01Z,20,20,JavaScript,TRUE,TRUE,MIT License
i5ting,i5ting/placeholder,2020-10-27T04:53:09Z,2,2,,TRUE,TRUE,
i5ting,i5ting/monk,2020-04-20T10:00:58Z,0,0,,TRUE,TRUE,MIT License
i5ting,i5ting/midway-faas,2020-03-16T06:10:56Z,0,0,TypeScript,TRUE,TRUE,MIT License
i5ting,i5ting/express,2020-03-17T01:02:35Z,0,0,,TRUE,TRUE,MIT License
i5ting,i5ting/baretest,2020-02-17T05:38:05Z,0,0,,TRUE,TRUE,MIT License
i5ting,i5ting/nodeparty-beijing-2020-1-11,2020-01-19T15:20:40Z,38,38,,TRUE,TRUE,
i5ting,i5ting/ssr-in-action,2019-11-24T13:27:57Z,4,4,,TRUE,TRUE,MIT License
i5ting,i5ting/json2csv,2015-08-04T03:38:49Z,3,3,JavaScript,TRUE,TRUE,MIT License
i5ting,i5ting/Markdown-Resume,2023-01-17T05:36:54Z,0,0,,TRUE,TRUE,
i5ting,i5ting/langshu,2019-07-18T07:50:01Z,19,19,,TRUE,TRUE,
i5ting,i5ting/How-to-learn-node-correctly,2018-03-21T06:07:25Z,4499,4499,JavaScript,TRUE,TRUE,
i5ting,i5ting/get-umi-webpack-compiler,2019-01-20T04:55:50Z,6,6,JavaScript,TRUE,TRUE,MIT License
i5ting,i5ting/umi-ssr,2019-02-27T06:44:31Z,13,13,JavaScript,TRUE,TRUE,
i5ting,i5ting/get-global-node-modules-path,2019-02-27T03:42:13Z,0,0,JavaScript,TRUE,TRUE,
i5ting,i5ting/midway,2019-02-23T03:28:20Z,0,0,TypeScript,TRUE,FALSE,MIT License
i5ting,i5ting/icrunch,2019-02-01T08:16:11Z,5,5,JavaScript,TRUE,TRUE,
i5ting,i5ting/umi,2019-01-31T01:33:48Z,0,0,JavaScript,TRUE,FALSE,MIT License
i5ting,i5ting/umi-serve-cli,2019-01-25T01:53:42Z,9,9,JavaScript,TRUE,TRUE,MIT License
i5ting,i5ting/umi-plugin-ssr,2019-01-16T09:27:15Z,7,7,JavaScript,TRUE,TRUE,MIT License
i5ting,i5ting/http-extra,2018-12-21T03:07:17Z,4,4,JavaScript,TRUE,TRUE,
i5ting,i5ting/bigview-reactssr-demo,2018-12-25T02:19:55Z,0,0,JavaScript,TRUE,TRUE,MIT License
i5ting,i5ting/midway-examples,2019-01-14T03:45:21Z,0,0,TypeScript,TRUE,FALSE,
i5ting,i5ting/kwm,2019-01-03T03:37:42Z,0,0,JavaScript,TRUE,TRUE,
i5ting,i5ting/sail-dev,2019-01-04T01:14:18Z,0,0,JavaScript,TRUE,TRUE,
i5ting,i5ting/wrap-to-stream,2018-12-21T03:13:34Z,0,0,JavaScript,TRUE,TRUE,MIT License
i5ting,i5ting/plato,2019-01-07T06:13:13Z,1,1,JavaScript,TRUE,TRUE,
i5ting,i5ting/bigview-koa-demo,2018-07-24T06:22:07Z,6,6,JavaScript,TRUE,TRUE,
i5ting,i5ting/meow,2018-08-13T06:38:46Z,3,3,,TRUE,TRUE,MIT License
i5ting,i5ting/dockercli,2018-08-02T05:31:12Z,0,0,Shell,TRUE,TRUE,MIT License
i5ting,i5ting/koa-elastic-apm,2018-08-01T02:09:11Z,7,7,JavaScript,TRUE,TRUE,
i5ting,i5ting/micro-demo,2018-07-28T18:05:08Z,1,1,,TRUE,TRUE,
i5ting,i5ting/bigview-egg-demo,2018-07-23T18:28:45Z,1,1,JavaScript,TRUE,TRUE,
i5ting,i5ting/mvc,2018-07-03T08:36:19Z,74,74,JavaScript,TRUE,TRUE,
i5ting,i5ting/moag,2016-05-23T06:26:33Z,8,8,JavaScript,TRUE,TRUE,MIT License
i5ting,i5ting/lazyclone,2016-06-15T13:44:20Z,2,2,JavaScript,TRUE,TRUE,MIT License
i5ting,i5ting/wom,2018-01-19T06:38:40Z,2,2,JavaScript,TRUE,TRUE,Other
i5ting,i5ting/wx_jsapi_sign,2015-05-21T13:32:05Z,67,67,JavaScript,TRUE,TRUE,
i5ting,i5ting/ykit,2018-03-09T07:40:46Z,2,2,JavaScript,TRUE,TRUE,Apache License 2.0
i5ting,i5ting/shaka-player,2018-03-09T07:27:36Z,0,0,JavaScript,TRUE,FALSE,Apache License 2.0
i5ting,i5ting/koa-otp,2018-01-23T13:07:19Z,1,1,JavaScript,TRUE,TRUE,MIT License
i5ting,i5ting/koa-passport-github-example,2018-01-23T12:16:18Z,3,3,JavaScript,TRUE,TRUE,
i5ting,i5ting/ktpl,2018-01-11T09:20:41Z,6,6,JavaScript,TRUE,TRUE,MIT License
i5ting,i5ting/koa,2017-12-27T06:05:54Z,0,0,JavaScript,TRUE,TRUE,MIT License
i5ting,i5ting/node-debug-tutorial,2014-11-12T14:18:25Z,313,313,HTML,TRUE,TRUE,MIT License
i5ting,i5ting/coursehaha,2017-10-23T02:12:10Z,3,3,,TRUE,TRUE,MIT License
i5ting,i5ting/coursehaha-admin,2017-10-29T07:56:25Z,2,2,JavaScript,TRUE,TRUE,MIT License
i5ting,i5ting/wechat-dev-with-nodejs,2016-07-27T14:10:24Z,286,286,JavaScript,TRUE,TRUE,
i5ting,i5ting/blog,2017-09-27T07:55:59Z,3,3,,TRUE,TRUE,
i5ting,i5ting/fastify-generator,2017-11-15T06:44:22Z,0,0,,TRUE,TRUE,MIT License
i5ting,i5ting/snoy,2013-03-14T10:10:17Z,0,0,,TRUE,TRUE,
i5ting,i5ting/tpl_apply_art,2017-11-04T18:18:22Z,0,0,JavaScript,TRUE,TRUE,MIT License
i5ting,i5ting/get_mongoose_schema_keys,2017-11-04T07:26:46Z,0,0,JavaScript,TRUE,TRUE,MIT License
i5ting,i5ting/mount2,2017-11-03T12:18:14Z,1,1,JavaScript,TRUE,TRUE,MIT License
i5ting,i5ting/nodejs-fullstack,2016-03-07T02:04:08Z,1613,1613,JavaScript,TRUE,TRUE,MIT License
i5ting,i5ting/art-template-docs,2017-10-30T02:59:52Z,0,0,JavaScript,TRUE,TRUE,MIT License
i5ting,i5ting/vsc,2015-10-10T11:43:07Z,566,566,JavaScript,TRUE,TRUE,MIT License
i5ting,i5ting/art-template,2017-10-28T19:30:00Z,1,1,JavaScript,TRUE,TRUE,MIT License
i5ting,i5ting/me,2016-04-18T09:32:52Z,0,0,,TRUE,TRUE,
i5ting,i5ting/vsc-mdtoc,2017-09-07T13:42:25Z,0,0,CSS,TRUE,TRUE,MIT License
i5ting,i5ting/hexo-theme-yilia,2017-09-27T08:06:28Z,0,0,JavaScript,TRUE,TRUE,
i5ting,i5ting/rate2,2017-08-31T19:39:31Z,8,8,JavaScript,TRUE,TRUE,
i5ting,i5ting/tpl-koa,2017-08-24T06:36:20Z,0,0,JavaScript,TRUE,TRUE,
i5ting,i5ting/tpl,2017-08-23T10:59:55Z,0,0,JavaScript,TRUE,TRUE,
i5ting,i5ting/nodejs-newbie,2015-08-08T02:47:52Z,62,62,,TRUE,TRUE,
i5ting,i5ting/book-source,2017-04-04T07:10:31Z,0,0,JavaScript,TRUE,TRUE,
i5ting,i5ting/nodeparty-ppt-20170729,2017-07-31T06:16:29Z,16,16,,TRUE,TRUE,MIT License
i5ting,i5ting/poetry,2017-05-09T09:36:15Z,10,10,,TRUE,TRUE,MIT License
i5ting,i5ting/rewrite2,2017-07-24T03:00:59Z,1,1,JavaScript,TRUE,TRUE,
i5ting,i5ting/how-brower-work-and-perfomace-tunning,2014-10-23T08:55:20Z,107,107,,TRUE,TRUE,
i5ting,i5ting/1047,2017-06-19T03:59:24Z,0,0,Java,TRUE,TRUE,
i5ting,i5ting/je,2015-02-11T13:55:40Z,26,26,JavaScript,TRUE,TRUE,MIT License
i5ting,i5ting/koa-bigpipe-demo,2017-05-24T14:32:21Z,4,4,JavaScript,TRUE,TRUE,
i5ting,i5ting/cheep,2017-05-24T02:42:48Z,0,0,,TRUE,TRUE,MIT License
i5ting,i5ting/vueconf-ppt,2017-05-20T13:28:36Z,22,22,,TRUE,TRUE,MIT License
i5ting,i5ting/hello-node,2016-06-27T01:47:46Z,1,1,JavaScript,TRUE,TRUE,MIT License
i5ting,i5ting/how-browsers-work-with-node.js,2017-05-18T07:55:48Z,0,0,,TRUE,TRUE,MIT License
i5ting,i5ting/how-to-write-a-webdev-tool,2013-03-14T14:04:43Z,1,1,,TRUE,TRUE,
i5ting,i5ting/egg-core,2017-05-15T07:58:01Z,1,1,JavaScript,TRUE,FALSE,MIT License
i5ting,i5ting/travis-cli,2016-06-11T23:27:36Z,8,8,JavaScript,TRUE,TRUE,MIT License
i5ting,i5ting/impossible,2013-02-05T02:22:04Z,3,3,C,TRUE,TRUE,
i5ting,i5ting/terraform,2017-05-06T11:46:44Z,0,0,JavaScript,TRUE,FALSE,
i5ting,i5ting/harp,2017-05-05T09:10:48Z,0,0,JavaScript,TRUE,FALSE,
i5ting,i5ting/superkoa,2016-06-07T11:10:59Z,15,15,JavaScript,TRUE,TRUE,MIT License
i5ting,i5ting/rfe,2015-12-02T03:18:38Z,1,1,JavaScript,TRUE,TRUE,
i5ting,i5ting/letiny,2017-04-30T21:15:39Z,0,0,JavaScript,TRUE,TRUE,Mozilla Public License 2.0
i5ting,i5ting/captcha,2017-04-27T03:05:46Z,1,1,JavaScript,TRUE,TRUE,MIT License
i5ting,i5ting/aaa,2017-04-26T09:56:53Z,0,0,,TRUE,TRUE,
i5ting,i5ting/hostrc,2017-02-07T12:33:49Z,6,6,JavaScript,TRUE,TRUE,
i5ting,i5ting/JointSeminar,2017-04-06T06:32:24Z,0,0,,TRUE,TRUE,
i5ting,i5ting/marked,2017-04-11T09:27:01Z,0,0,HTML,TRUE,TRUE,MIT License
i5ting,i5ting/cdn,2017-03-22T03:00:28Z,4,4,,TRUE,TRUE,
i5ting,i5ting/i5ting_ztree_toc,2014-01-27T01:34:21Z,734,734,JavaScript,TRUE,TRUE,MIT License
i5ting,i5ting/nodejs-test,2017-03-02T05:36:55Z,7,7,,TRUE,TRUE,MIT License
i5ting,i5ting/asynchronous-flow-control,2016-07-04T07:39:21Z,196,196,JavaScript,TRUE,TRUE,MIT License
i5ting,i5ting/stuq-koa,2016-03-13T04:53:01Z,174,174,JavaScript,TRUE,TRUE,MIT License
i5ting,i5ting/pwa,2017-02-24T07:31:49Z,6,6,HTML,TRUE,TRUE,
i5ting,i5ting/node,2017-02-23T11:05:29Z,0,0,JavaScript,TRUE,TRUE,Other
i5ting,i5ting/hexcolor,2017-02-17T08:32:44Z,0,0,JavaScript,TRUE,TRUE,MIT License
i5ting,i5ting/oh-http,2016-08-11T08:53:14Z,206,206,JavaScript,TRUE,TRUE,MIT License
i5ting,i5ting/tocmd.gem,2014-06-15T00:42:32Z,66,66,CSS,TRUE,TRUE,MIT License
i5ting,i5ting/koa2vue2ssr,2017-01-18T15:55:53Z,40,40,JavaScript,TRUE,TRUE,
i5ting,i5ting/cunit,2014-08-24T13:36:14Z,0,0,C,TRUE,TRUE,
i5ting,i5ting/stuq-live,2016-11-02T14:47:22Z,3,3,,TRUE,TRUE,MIT License
i5ting,i5ting/nwf,2017-01-23T04:05:04Z,4,4,HTML,TRUE,TRUE,
i5ting,i5ting/nodejs-bigpipe-demo,2017-01-19T18:39:48Z,29,29,JavaScript,TRUE,TRUE,
i5ting,i5ting/koa-bigpipe,2017-01-18T09:28:07Z,14,14,JavaScript,TRUE,TRUE,MIT License
i5ting,i5ting/vsc-c,2017-01-11T06:52:49Z,0,0,C,TRUE,TRUE,
i5ting,i5ting/the-super-tiny-compiler,2017-01-24T08:08:53Z,0,0,JavaScript,TRUE,TRUE,Creative Commons Attribution 4.0 International
i5ting,i5ting/benchapp,2017-01-06T00:30:38Z,1,1,JavaScript,TRUE,TRUE,MIT License
i5ting,i5ting/weui-tab-starter,2017-01-01T12:13:42Z,1,1,HTML,TRUE,TRUE,
i5ting,i5ting/jsdoc-cli,2016-12-31T15:04:49Z,0,0,HTML,TRUE,TRUE,
i5ting,i5ting/write-scaffold-with-nodejs,2016-12-07T13:29:18Z,50,50,JavaScript,TRUE,TRUE,
i5ting,i5ting/wea,2016-12-24T04:49:16Z,0,0,JavaScript,TRUE,TRUE,MIT License
i5ting,i5ting/testchunks,2016-12-15T08:41:13Z,1,1,JavaScript,TRUE,TRUE,MIT License
i5ting,i5ting/awesome-micro-npm-packages,2017-06-12T07:58:22Z,1,1,,TRUE,TRUE,
i5ting,i5ting/rdl,2016-12-12T02:16:41Z,0,0,JavaScript,TRUE,TRUE,MIT License
i5ting,i5ting/glorious-node,2013-02-27T07:06:00Z,12,12,,TRUE,TRUE,
i5ting,i5ting/cnode-mp,2016-11-25T02:53:52Z,3,3,JavaScript,TRUE,TRUE,MIT License
i5ting,i5ting/practical-node-modules,2016-10-31T23:39:26Z,2,2,,TRUE,TRUE,MIT License
i5ting,i5ting/sre,2014-08-11T03:36:19Z,2,2,JavaScript,TRUE,TRUE,
i5ting,i5ting/node-v7,2016-11-14T03:45:08Z,0,0,JavaScript,TRUE,TRUE,
i5ting,i5ting/shop-admin,2016-09-27T12:01:36Z,1,1,JavaScript,TRUE,TRUE,
i5ting,i5ting/shop-api,2016-09-27T11:58:48Z,2,2,JavaScript,TRUE,TRUE,
i5ting,i5ting/shop-h5,2016-09-20T03:18:21Z,1,1,HTML,TRUE,TRUE,
i5ting,i5ting/fe-build,2016-11-02T06:16:59Z,0,0,,TRUE,TRUE,MIT License
i5ting,i5ting/tore,2016-11-01T15:16:55Z,1,1,JavaScript,TRUE,TRUE,MIT License
i5ting,i5ting/gulp-replace-div,2016-11-01T08:16:24Z,1,1,JavaScript,TRUE,TRUE,MIT License
i5ting,i5ting/ekoa,2016-10-28T01:17:18Z,2,2,JavaScript,TRUE,TRUE,MIT License
i5ting,i5ting/exr,2016-10-28T11:00:17Z,1,1,JavaScript,TRUE,TRUE,MIT License
i5ting,i5ting/router,2016-10-30T02:06:18Z,0,0,JavaScript,TRUE,FALSE,MIT License
i5ting,i5ting/wrkparser,2016-04-19T03:02:43Z,0,0,JavaScript,TRUE,TRUE,MIT License
i5ting,i5ting/op,2016-10-26T01:25:22Z,3,3,,TRUE,TRUE,MIT License
i5ting,i5ting/r1,2016-10-20T14:27:30Z,0,0,CSS,TRUE,TRUE,
i5ting,i5ting/r1-test,2016-10-20T14:53:29Z,0,0,,TRUE,TRUE,
i5ting,i5ting/nodejs-microservice,2016-10-17T05:18:00Z,0,0,,TRUE,TRUE,MIT License
i5ting,i5ting/stuq-wxapp,2016-09-28T07:32:56Z,41,41,JavaScript,TRUE,TRUE,MIT License
i5ting,i5ting/weide,2016-09-23T12:58:04Z,12,12,JavaScript,TRUE,TRUE,MIT License
i5ting,i5ting/node-v7-async-await-demo,2016-10-13T23:37:17Z,0,0,JavaScript,TRUE,TRUE,
i5ting,i5ting/wtf,2016-10-13T01:18:54Z,1,1,JavaScript,TRUE,TRUE,MIT License
i5ting,i5ting/uploadify,2015-11-11T12:16:41Z,129,129,JavaScript,TRUE,TRUE,
i5ting,i5ting/koa-qn,2016-10-11T23:39:56Z,1,1,,TRUE,TRUE,MIT License
i5ting,i5ting/simditor-qn,2015-11-05T08:39:18Z,8,8,JavaScript,TRUE,TRUE,MIT License
i5ting,i5ting/exportall,2016-09-14T12:55:49Z,2,2,JavaScript,TRUE,TRUE,MIT License
i5ting,i5ting/gtest,2016-10-08T14:54:34Z,0,0,C++,TRUE,TRUE,MIT License
i5ting,i5ting/hege,2016-10-08T04:28:54Z,3,3,,TRUE,TRUE,MIT License
i5ting,i5ting/cnodejs-api,2016-09-26T09:35:12Z,8,8,JavaScript,TRUE,TRUE,MIT License
i5ting,i5ting/headings,2016-09-28T01:46:12Z,1,1,JavaScript,TRUE,TRUE,MIT License
i5ting,i5ting/wechat-history,2016-09-27T07:46:29Z,0,0,,TRUE,TRUE,MIT License
i5ting,i5ting/nodeclub2,2016-09-26T23:07:21Z,1,1,,TRUE,TRUE,MIT License
i5ting,i5ting/weapp-ide-crack,2016-09-24T18:26:00Z,1,1,JavaScript,TRUE,TRUE,
i5ting,i5ting/win10,2016-09-25T13:21:55Z,0,0,JavaScript,TRUE,TRUE,
i5ting,i5ting/simplereader,2016-07-10T05:34:43Z,21,21,CSS,TRUE,TRUE,
i5ting,i5ting/weapp,2016-09-23T12:37:05Z,0,0,,TRUE,TRUE,MIT License
i5ting,i5ting/moag-core,2016-09-15T03:31:20Z,1,1,JavaScript,TRUE,TRUE,MIT License
i5ting,i5ting/soag,2016-09-14T03:33:24Z,0,0,JavaScript,TRUE,TRUE,MIT License
i5ting,i5ting/toag,2016-09-14T11:19:04Z,0,0,,TRUE,TRUE,
i5ting,i5ting/your-koa,2016-08-30T12:01:17Z,2,2,JavaScript,TRUE,TRUE,
i5ting,i5ting/koa-mongo-lbs,2016-08-24T09:34:00Z,0,0,JavaScript,TRUE,TRUE,MIT License
i5ting,i5ting/stuq-koa-example,2016-07-19T12:50:20Z,4,4,JavaScript,TRUE,TRUE,
i5ting,i5ting/mongoose-base-user-plugin,2016-05-16T13:15:47Z,15,15,JavaScript,TRUE,TRUE,MIT License
i5ting,i5ting/node-http,2015-04-24T00:20:32Z,45,45,JavaScript,TRUE,TRUE,
i5ting,i5ting/gulp-trans,2014-08-30T15:41:35Z,3,3,HTML,TRUE,TRUE,MIT License
i5ting,i5ting/subl,2015-02-07T08:21:40Z,8,8,JavaScript,TRUE,TRUE,MIT License
i5ting,i5ting/p,2016-07-24T14:28:32Z,0,0,,TRUE,TRUE,MIT License
i5ting,i5ting/hd-crawler,2016-07-13T11:52:11Z,3,3,JavaScript,TRUE,TRUE,MIT License
i5ting,i5ting/githubrank,2016-07-19T15:31:13Z,22,22,JavaScript,TRUE,TRUE,MIT License
i5ting,i5ting/ticket-system-design,2016-07-19T03:00:52Z,0,0,,TRUE,TRUE,
i5ting,i5ting/sketch-practice,2016-04-06T03:03:35Z,145,145,JavaScript,TRUE,TRUE,
i5ting,i5ting/weshare,2016-07-14T11:57:34Z,1,1,JavaScript,TRUE,TRUE,MIT License
i5ting,i5ting/stuq-koa-hello-npm,2016-07-12T14:29:11Z,0,0,JavaScript,TRUE,TRUE,MIT License
i5ting,i5ting/gulp-gh-pages,2015-04-13T04:26:51Z,0,0,JavaScript,TRUE,TRUE,Other
i5ting,i5ting/nodejs-arch-for-java,2016-06-16T02:23:11Z,125,125,,TRUE,TRUE,
i5ting,i5ting/live-koa,2016-07-04T03:04:16Z,0,0,,TRUE,TRUE,MIT License
i5ting,i5ting/coden,2015-09-17T01:25:16Z,6,6,JavaScript,TRUE,TRUE,MIT License
i5ting,i5ting/i5ting-hello-node,2016-06-19T03:32:35Z,0,0,JavaScript,TRUE,TRUE,MIT License
i5ting,i5ting/koa-middleware-code,2016-06-15T13:43:14Z,0,0,JavaScript,TRUE,TRUE,MIT License
i5ting,i5ting/koa-2-days,2016-06-18T01:55:52Z,1,1,,TRUE,TRUE,MIT License
i5ting,i5ting/koa-opensource,2016-06-15T14:21:32Z,1,1,,TRUE,TRUE,MIT License
i5ting,i5ting/gyp.js,2016-06-12T23:06:17Z,0,0,JavaScript,TRUE,TRUE,
i5ting,i5ting/dahu,2016-06-07T09:55:36Z,10,10,,TRUE,TRUE,MIT License
i5ting,i5ting/lazynpm,2016-06-12T01:21:22Z,0,0,,TRUE,TRUE,MIT License
i5ting,i5ting/ava-practice,2016-05-15T13:44:41Z,26,26,JavaScript,TRUE,TRUE,MIT License
i5ting,i5ting/koa-views,2016-04-28T04:13:07Z,0,0,JavaScript,TRUE,TRUE,MIT License
i5ting,i5ting/koa2-api,2016-05-24T02:03:22Z,7,7,JavaScript,TRUE,TRUE,MIT License
i5ting,i5ting/tpl_apply,2015-01-22T14:25:46Z,10,10,JavaScript,TRUE,TRUE,MIT License
i5ting,i5ting/superkoa-example,2016-06-07T12:06:27Z,2,2,JavaScript,TRUE,TRUE,
i5ting,i5ting/mongoosedao-examples,2016-06-06T15:37:51Z,1,1,JavaScript,TRUE,TRUE,
i5ting,i5ting/gitbook-plugin-toc2,2016-06-03T16:00:16Z,18,18,JavaScript,TRUE,TRUE,MIT License
i5ting,i5ting/awesome-mac-practice2,2015-08-08T03:54:11Z,19,19,JavaScript,TRUE,TRUE,Apache License 2.0
i5ting,i5ting/letdown,2016-06-04T06:19:59Z,0,0,,TRUE,TRUE,MIT License
i5ting,i5ting/yieldable,2016-05-25T06:14:55Z,0,0,JavaScript,TRUE,TRUE,MIT License
i5ting,i5ting/cnode-ama,2016-06-03T10:48:07Z,0,0,,TRUE,TRUE,MIT License
i5ting,i5ting/Study-For-StuQ,2016-05-25T02:30:22Z,266,266,JavaScript,TRUE,TRUE,MIT License
i5ting,i5ting/static,2016-05-26T23:10:03Z,0,0,JavaScript,TRUE,TRUE,
i5ting,i5ting/log1,2016-05-25T07:07:38Z,2,2,JavaScript,TRUE,TRUE,MIT License
i5ting,i5ting/mount-koa-routes-demo,2016-05-23T14:24:51Z,1,1,JavaScript,TRUE,TRUE,
i5ting,i5ting/gulp-minify-html,2016-05-08T02:30:48Z,0,0,JavaScript,TRUE,TRUE,MIT License
i5ting,i5ting/co-render,2016-05-03T09:21:42Z,0,0,JavaScript,TRUE,TRUE,
i5ting,i5ting/co-views,2016-05-03T09:38:15Z,0,0,JavaScript,TRUE,TRUE,
i5ting,i5ting/badge-cli,2014-11-04T14:00:42Z,2,2,JavaScript,TRUE,TRUE,Apache License 2.0
i5ting,i5ting/nodemon,2016-04-29T23:44:39Z,0,0,JavaScript,TRUE,TRUE,
i5ting,i5ting/consolidate.js,2016-04-28T04:23:42Z,0,0,JavaScript,TRUE,TRUE,
i5ting,i5ting/nodejs-open-source-recommendation,2016-02-02T02:05:02Z,12,12,,TRUE,TRUE,MIT License
i5ting,i5ting/rsyslog,2016-04-24T05:16:22Z,0,0,C,TRUE,FALSE,GNU Lesser General Public License v3.0
i5ting,i5ting/N-blog,2016-07-04T23:29:21Z,1,1,JavaScript,TRUE,TRUE,
i5ting,i5ting/wrk_scan,2016-04-19T16:05:38Z,0,0,JavaScript,TRUE,TRUE,MIT License
i5ting,i5ting/lex,2016-04-19T03:20:50Z,1,1,C,TRUE,TRUE,
i5ting,i5ting/nodejs-es6-feature-check,2016-04-19T00:08:40Z,0,0,JavaScript,TRUE,TRUE,MIT License
i5ting,i5ting/harp-practice,2016-04-15T23:58:02Z,0,0,,TRUE,TRUE,MIT License
i5ting,i5ting/skill-map,2015-12-23T11:54:15Z,0,0,HTML,TRUE,TRUE,
i5ting,i5ting/mongooseconfig-example,2016-04-07T01:24:28Z,0,0,JavaScript,TRUE,TRUE,MIT License
i5ting,i5ting/dox-jsdoc-demo,2016-04-10T14:31:15Z,0,0,JavaScript,TRUE,TRUE,
i5ting,i5ting/is_npm_v3,2016-04-10T08:39:30Z,0,0,JavaScript,TRUE,TRUE,MIT License
i5ting,i5ting/learn-git,2016-04-09T14:06:43Z,0,0,JavaScript,TRUE,TRUE,MIT License
i5ting,i5ting/mongooseconfig,2016-04-06T13:58:43Z,1,1,JavaScript,TRUE,TRUE,MIT License
i5ting,i5ting/mongorun,2016-04-06T23:23:23Z,1,1,JavaScript,TRUE,TRUE,MIT License
i5ting,i5ting/ratchet-practice,2014-12-16T03:10:21Z,3,3,JavaScript,TRUE,TRUE,Apache License 2.0
i5ting,i5ting/tpl_md,2016-04-01T12:00:44Z,0,0,CSS,TRUE,TRUE,MIT License
i5ting,i5ting/ccli,2015-10-18T16:03:33Z,0,0,JavaScript,TRUE,TRUE,
i5ting,i5ting/node4ava,2016-03-29T03:39:16Z,0,0,,TRUE,TRUE,MIT License
i5ting,i5ting/i5ting.github.io,2016-03-20T10:51:27Z,1,1,JavaScript,TRUE,TRUE,MIT License
i5ting,i5ting/visualize-gulp,2016-03-15T06:42:44Z,0,0,JavaScript,TRUE,TRUE,MIT License
i5ting,i5ting/weui-practice,2015-11-18T10:13:50Z,56,56,JavaScript,TRUE,TRUE,MIT License
i5ting,i5ting/expirable-hash-table,2016-03-10T14:42:32Z,1,1,JavaScript,TRUE,TRUE,
i5ting,i5ting/node-cli-2,2016-02-19T14:21:07Z,0,0,JavaScript,TRUE,TRUE,MIT License
i5ting,i5ting/stuq-node-cli,2016-02-17T13:47:01Z,0,0,JavaScript,TRUE,TRUE,MIT License
i5ting,i5ting/mmc,2016-02-08T05:51:02Z,0,0,,TRUE,TRUE,MIT License
i5ting,i5ting/2016,2016-02-08T00:38:45Z,2,2,,TRUE,TRUE,
i5ting,i5ting/js-by-examples,2016-02-08T11:55:46Z,2,2,,TRUE,TRUE,
i5ting,i5ting/wetab,2015-12-30T01:35:02Z,1,1,Objective-C,TRUE,TRUE,MIT License
i5ting,i5ting/cnode-2016,2016-01-25T12:24:44Z,0,0,,TRUE,TRUE,
i5ting,i5ting/vim-galore,2016-01-15T03:35:03Z,0,0,,TRUE,TRUE,MIT License
i5ting,i5ting/libconcurrent,2016-01-14T10:03:10Z,0,0,C,TRUE,TRUE,zlib License
i5ting,i5ting/json2objc,2015-12-12T04:18:06Z,4,4,JavaScript,TRUE,TRUE,
i5ting,i5ting/history-of-node-js,2016-01-11T05:35:22Z,15,15,JavaScript,TRUE,TRUE,MIT License
i5ting,i5ting/ml,2016-01-31T03:15:34Z,0,0,JavaScript,TRUE,TRUE,MIT License
i5ting,i5ting/LKDBHelper-SQLite-ORM,2016-01-18T06:14:16Z,0,0,Objective-C,TRUE,TRUE,MIT License
i5ting,i5ting/mongoose-ninjia,2015-08-20T02:50:49Z,2,2,JavaScript,TRUE,TRUE,MIT License
i5ting,i5ting/ios-ui,2015-12-22T15:09:32Z,1,1,,TRUE,TRUE,MIT License
i5ting,i5ting/req.db,2015-12-16T01:36:37Z,0,0,JavaScript,TRUE,TRUE,MIT License
i5ting,i5ting/low-file-sync,2015-12-16T03:15:01Z,0,0,JavaScript,TRUE,TRUE,MIT License
i5ting,i5ting/programmer-calendar,2015-12-15T16:04:31Z,0,0,JavaScript,TRUE,TRUE,Other
i5ting,i5ting/multer,2015-12-15T02:33:48Z,0,0,JavaScript,TRUE,TRUE,MIT License
i5ting,i5ting/i5ting.jquery.tab,2013-03-09T08:31:21Z,4,4,JavaScript,TRUE,TRUE,MIT License
i5ting,i5ting/TBNetworking,2015-12-11T03:54:26Z,1,1,Objective-C,TRUE,TRUE,MIT License
i5ting,i5ting/webargaining,2015-12-10T10:15:52Z,1,1,JavaScript,TRUE,TRUE,
i5ting,i5ting/about-live-patch,2015-12-09T08:15:22Z,0,0,,TRUE,TRUE,
i5ting,i5ting/how-to-write-h5,2015-12-08T01:48:33Z,2,2,,TRUE,TRUE,MIT License
i5ting,i5ting/fayeserver,2014-11-30T12:35:54Z,7,7,JavaScript,TRUE,TRUE,Apache License 2.0
i5ting,i5ting/greatest,2015-12-27T06:19:12Z,0,0,C,TRUE,TRUE,ISC License
i5ting,i5ting/kore,2015-12-05T14:40:19Z,0,0,C,TRUE,FALSE,ISC License
i5ting,i5ting/nodejs,2015-12-03T04:07:33Z,0,0,,TRUE,TRUE,
i5ting,i5ting/stuq-flux,2015-12-03T03:33:45Z,0,0,,TRUE,TRUE,
i5ting,i5ting/stuq-webpack,2015-12-03T03:04:15Z,0,0,,TRUE,TRUE,
i5ting,i5ting/stuq-vue,2015-12-03T02:58:28Z,0,0,,TRUE,TRUE,
i5ting,i5ting/stuq-redux,2015-12-03T02:58:13Z,0,0,,TRUE,TRUE,
i5ting,i5ting/stuq-es6,2015-12-03T02:57:21Z,0,0,,TRUE,TRUE,
i5ting,i5ting/mount_plugin,2015-12-02T06:20:53Z,1,1,JavaScript,TRUE,TRUE,MIT License
i5ting,i5ting/video,2015-11-30T02:05:12Z,0,0,,TRUE,TRUE,
i5ting,i5ting/docto,2015-10-16T01:32:29Z,8,8,JavaScript,TRUE,TRUE,MIT License
i5ting,i5ting/nodeinstall.sh,2015-11-23T09:12:12Z,0,0,Shell,TRUE,TRUE,MIT License
i5ting,i5ting/ft2,2015-11-22T04:29:14Z,2,2,HTML,TRUE,TRUE,MIT License
i5ting,i5ting/mobile-design-doc,2015-11-24T02:12:42Z,31,31,,TRUE,TRUE,
i5ting,i5ting/hitch,2015-12-01T06:55:11Z,0,0,C,TRUE,TRUE,Other
i5ting,i5ting/port,2015-11-18T08:26:04Z,2,2,,TRUE,TRUE,MIT License
i5ting,i5ting/vscode,2015-11-21T04:37:55Z,0,0,TypeScript,TRUE,TRUE,Other
i5ting,i5ting/nodejs-ppt,2015-11-20T11:35:41Z,0,0,,TRUE,TRUE,
i5ting,i5ting/empty,2015-11-20T10:10:00Z,0,0,,TRUE,TRUE,
i5ting,i5ting/es6,2015-11-19T14:10:38Z,0,0,,TRUE,TRUE,MIT License
i5ting,i5ting/tsdocs,2015-11-18T08:05:15Z,1,1,HTML,TRUE,TRUE,MIT License
i5ting,i5ting/offl,2015-11-18T07:26:26Z,0,0,JavaScript,TRUE,TRUE,MIT License
i5ting,i5ting/base,2015-11-16T13:17:04Z,0,0,JavaScript,TRUE,TRUE,MIT License
i5ting,i5ting/openf,2015-11-13T04:05:16Z,1,1,JavaScript,TRUE,TRUE,MIT License
i5ting,i5ting/uname2,2015-11-15T04:12:58Z,1,1,C++,TRUE,TRUE,MIT License
i5ting,i5ting/uploadify-usages,2015-11-12T03:23:02Z,0,0,JavaScript,TRUE,TRUE,MIT License
i5ting,i5ting/mip,2015-11-11T16:23:07Z,1,1,JavaScript,TRUE,TRUE,MIT License
i5ting,i5ting/npm,2015-11-10T20:20:25Z,1,1,JavaScript,TRUE,TRUE,
i5ting,i5ting/weixin-pay,2015-11-08T02:23:36Z,1,1,JavaScript,TRUE,TRUE,MIT License
i5ting,i5ting/gulp-bump,2015-11-08T01:52:59Z,0,0,JavaScript,TRUE,TRUE,MIT License
i5ting,i5ting/kp2,2015-11-07T00:10:52Z,0,0,,TRUE,TRUE,MIT License
i5ting,i5ting/cgo,2015-11-06T07:04:31Z,0,0,JavaScript,TRUE,TRUE,MIT License
i5ting,i5ting/hade,2015-11-06T03:24:47Z,21,21,JavaScript,TRUE,TRUE,MIT License
i5ting,i5ting/vsc-course,2015-11-01T05:57:02Z,2,2,CSS,TRUE,TRUE,MIT License
i5ting,i5ting/i-csv,2015-10-31T16:45:37Z,1,1,JavaScript,TRUE,TRUE,
i5ting,i5ting/import-csv,2015-10-27T07:24:38Z,3,3,JavaScript,TRUE,TRUE,MIT License
i5ting,i5ting/export-csv,2015-10-31T16:41:02Z,0,0,JavaScript,TRUE,TRUE,MIT License
i5ting,i5ting/323223,2015-10-25T06:55:20Z,0,0,,TRUE,TRUE,
i5ting,i5ting/reactjs-getting-start,2015-09-05T07:36:37Z,15,15,JavaScript,TRUE,TRUE,
i5ting,i5ting/area-builder,2015-10-25T02:53:06Z,0,0,JavaScript,TRUE,TRUE,
i5ting,i5ting/get-git-info,2015-10-25T01:35:21Z,1,1,JavaScript,TRUE,TRUE,
i5ting,i5ting/docto-example3,2015-10-24T13:54:06Z,0,0,CSS,TRUE,TRUE,
i5ting,i5ting/docto-example,2015-10-24T12:51:11Z,3,3,JavaScript,TRUE,TRUE,
i5ting,i5ting/study-jade,2014-11-17T15:07:59Z,4,4,,TRUE,TRUE,MIT License
i5ting,i5ting/actionsheet,2015-10-19T04:28:54Z,0,0,,TRUE,TRUE,MIT License
i5ting,i5ting/wechat-pay-doc,2015-10-15T14:41:16Z,1,1,,TRUE,TRUE,MIT License
i5ting,i5ting/stuq-gulp,2015-10-13T15:33:48Z,21,21,JavaScript,TRUE,TRUE,MIT License
i5ting,i5ting/vsc-snippets,2015-10-12T12:45:47Z,0,0,,TRUE,TRUE,MIT License
i5ting,i5ting/ionic_ninja,2014-07-02T08:35:01Z,135,135,JavaScript,TRUE,TRUE,
i5ting,i5ting/working-with-go,2016-06-22T05:07:06Z,0,0,Go,TRUE,FALSE,
i5ting,i5ting/clo,2015-10-05T04:32:04Z,0,0,JavaScript,TRUE,TRUE,MIT License
i5ting,i5ting/copynow,2015-10-05T12:05:44Z,0,0,,TRUE,TRUE,MIT License
i5ting,i5ting/nore,2015-10-05T09:09:02Z,2,2,JavaScript,TRUE,TRUE,MIT License
i5ting,i5ting/ProgrammingLearning,2015-10-10T02:37:12Z,0,0,Python,TRUE,TRUE,
i5ting,i5ting/ej,2015-09-02T03:30:14Z,3,3,JavaScript,TRUE,TRUE,
i5ting,i5ting/kit,2015-09-29T01:19:43Z,0,0,Go,TRUE,FALSE,MIT License
i5ting,i5ting/libmill,2015-10-11T16:30:51Z,0,0,C,TRUE,FALSE,MIT License
i5ting,i5ting/loadjson,2015-09-23T07:06:22Z,0,0,JavaScript,TRUE,TRUE,MIT License
i5ting,i5ting/trek,2015-09-22T01:05:09Z,0,0,JavaScript,TRUE,TRUE,MIT License
i5ting,i5ting/iOSInterviewQuestions,2015-09-21T02:20:38Z,2,2,Objective-C,TRUE,TRUE,
i5ting,i5ting/goooo,2015-09-16T16:03:03Z,0,0,,TRUE,TRUE,
i5ting,i5ting/upload-anywhere,2014-11-22T02:27:37Z,12,12,JavaScript,TRUE,TRUE,
i5ting,i5ting/essential-react,2015-10-17T02:52:58Z,0,0,JavaScript,TRUE,TRUE,MIT License
i5ting,i5ting/i5ting.react.tab,2015-09-12T11:29:20Z,10,10,JavaScript,TRUE,TRUE,MIT License
i5ting,i5ting/gmock1.7,2015-09-11T11:41:44Z,0,0,Shell,TRUE,TRUE,
i5ting,i5ting/mac-grpc-install,2015-09-11T09:36:59Z,0,0,Shell,TRUE,TRUE,MIT License
i5ting,i5ting/ratchet,2015-10-08T03:26:18Z,0,0,CSS,TRUE,FALSE,MIT License
i5ting,i5ting/mqpush,2015-09-08T08:54:32Z,0,0,JavaScript,TRUE,TRUE,MIT License
i5ting,i5ting/upload-ssh-key,2015-09-10T04:22:37Z,2,2,JavaScript,TRUE,TRUE,MIT License
i5ting,i5ting/izmq,2015-09-09T03:18:11Z,2,2,JavaScript,TRUE,TRUE,MIT License
i5ting,i5ting/nodejs-zeromq-push-test,2015-09-08T07:45:14Z,1,1,JavaScript,TRUE,TRUE,
i5ting,i5ting/soajs,2015-09-07T06:34:36Z,0,0,,TRUE,TRUE,MIT License
i5ting,i5ting/30-days-of-elixir,2015-09-14T00:52:34Z,0,0,Elixir,TRUE,TRUE,MIT License
i5ting,i5ting/mpc,2015-11-01T11:22:38Z,0,0,C,TRUE,TRUE,Other
i5ting,i5ting/zepto.kd100.js,2015-08-26T07:52:58Z,2,2,JavaScript,TRUE,TRUE,
i5ting,i5ting/mongo-here,2015-07-06T00:21:33Z,8,8,JavaScript,TRUE,TRUE,MIT License
i5ting,i5ting/chromed,2015-08-23T01:54:29Z,0,0,JavaScript,TRUE,TRUE,MIT License
i5ting,i5ting/shadowsocks,2015-08-22T13:32:33Z,0,0,Python,TRUE,FALSE,Apache License 2.0
i5ting,i5ting/zepto.mobile.address,2015-08-21T08:30:04Z,0,0,,TRUE,TRUE,
i5ting,i5ting/centos_mem_release,2015-08-21T00:38:03Z,0,0,JavaScript,TRUE,TRUE,MIT License
i5ting,i5ting/shadowsocks-android-1,2015-08-22T13:33:15Z,0,0,C,TRUE,TRUE,GNU General Public License v3.0
i5ting,i5ting/shadowsocks-libev,2015-08-22T13:33:30Z,0,0,C,TRUE,TRUE,GNU General Public License v3.0
i5ting,i5ting/nodejs-rest-test,2015-08-18T08:18:24Z,0,0,,TRUE,TRUE,MIT License
i5ting,i5ting/shadowsocks-go,2015-08-22T13:33:39Z,0,0,Go,TRUE,TRUE,
i5ting,i5ting/mahogany,2015-08-09T12:39:29Z,0,0,,TRUE,TRUE,
i5ting,i5ting/mongoose-cli,2015-08-06T12:14:22Z,1,1,JavaScript,TRUE,TRUE,MIT License
i5ting,i5ting/sundevilyang,2015-07-10T14:28:31Z,3,3,JavaScript,TRUE,TRUE,MIT License
i5ting,i5ting/radare2,2015-08-06T07:28:39Z,0,0,C,TRUE,TRUE,GNU Lesser General Public License v3.0
i5ting,i5ting/awesome-mac-practice,2014-09-17T06:00:16Z,29,29,,TRUE,TRUE,Apache License 2.0
i5ting,i5ting/p2.js,2015-07-07T13:17:56Z,0,0,JavaScript,TRUE,TRUE,Other
i5ting,i5ting/express-starter,2015-05-11T13:56:29Z,94,94,JavaScript,TRUE,TRUE,
i5ting,i5ting/dirw,2015-07-01T07:18:06Z,2,2,JavaScript,TRUE,TRUE,MIT License
i5ting,i5ting/mln,2015-05-27T08:01:28Z,0,0,JavaScript,TRUE,TRUE,MIT License
i5ting,i5ting/node-slb,2015-06-29T02:18:38Z,1,1,JavaScript,TRUE,TRUE,MIT License
i5ting,i5ting/node-cli-tmpl,2015-03-18T02:32:56Z,0,0,JavaScript,TRUE,TRUE,MIT License
i5ting,i5ting/scalatra,2015-06-19T23:14:22Z,0,0,Scala,TRUE,FALSE,Other
i5ting,i5ting/jk.sh,2015-06-18T08:46:21Z,1,1,Shell,TRUE,TRUE,
i5ting,i5ting/cat,2015-06-16T02:15:20Z,0,0,JavaScript,TRUE,TRUE,Apache License 2.0
i5ting,i5ting/c,2015-08-06T06:20:56Z,0,0,C,TRUE,FALSE,
i5ting,i5ting/es6features,2015-06-10T14:22:04Z,1,1,JavaScript,TRUE,FALSE,MIT License
i5ting,i5ting/request-time,2015-06-10T09:30:42Z,1,1,JavaScript,TRUE,TRUE,MIT License
i5ting,i5ting/show_rest,2015-06-09T13:26:55Z,2,2,JavaScript,TRUE,TRUE,
i5ting,i5ting/ueditor,2015-06-09T02:11:05Z,0,0,JavaScript,TRUE,TRUE,
i5ting,i5ting/nscale,2015-06-13T11:40:53Z,0,0,JavaScript,TRUE,TRUE,Artistic License 2.0
i5ting,i5ting/express-g-demo,2015-05-31T07:43:34Z,1,1,JavaScript,TRUE,TRUE,MIT License
i5ting,i5ting/express-g,2015-05-17T23:57:06Z,0,0,JavaScript,TRUE,TRUE,
i5ting,i5ting/form2obj,2015-06-01T11:59:56Z,0,0,JavaScript,TRUE,TRUE,MIT License
i5ting,i5ting/icenter,2015-06-01T07:31:43Z,0,0,,TRUE,TRUE,
i5ting,i5ting/node-deploy-practice,2014-11-22T06:17:29Z,5,5,JavaScript,TRUE,TRUE,Apache License 2.0
i5ting,i5ting/java8-tutorial,2015-06-14T07:37:30Z,0,0,Java,TRUE,TRUE,MIT License
i5ting,i5ting/node-db,2015-05-28T07:12:59Z,1,1,JavaScript,TRUE,TRUE,MIT License
i5ting,i5ting/node-test,2015-05-28T07:15:12Z,0,0,,TRUE,TRUE,MIT License
i5ting,i5ting/node-promise,2015-05-28T07:13:43Z,0,0,,TRUE,TRUE,MIT License
i5ting,i5ting/generator,2015-05-31T07:48:10Z,0,0,JavaScript,TRUE,FALSE,MIT License
i5ting,i5ting/zsh_history,2015-05-28T00:25:41Z,2,2,JavaScript,TRUE,TRUE,MIT License
i5ting,i5ting/kiteq,2015-09-10T13:59:32Z,1,1,Go,TRUE,TRUE,
i5ting,i5ting/ioredis,2015-05-27T09:08:59Z,0,0,JavaScript,TRUE,TRUE,MIT License
i5ting,i5ting/timeline,2015-05-17T16:01:14Z,0,0,,TRUE,TRUE,MIT License
i5ting,i5ting/slush,2015-06-02T12:35:17Z,0,0,JavaScript,TRUE,TRUE,MIT License
i5ting,i5ting/mongoose-pagination,2015-05-25T02:50:39Z,0,0,JavaScript,TRUE,TRUE,
i5ting,i5ting/layzr.js,2015-05-24T23:26:06Z,0,0,JavaScript,TRUE,TRUE,MIT License
i5ting,i5ting/wemark,2015-05-20T15:39:38Z,0,0,HTML,TRUE,TRUE,MIT License
i5ting,i5ting/node-wechat,2015-05-22T22:03:09Z,6,6,,TRUE,TRUE,MIT License
i5ting,i5ting/the-art-of-command-line,2015-05-21T01:39:24Z,3,3,,TRUE,TRUE,
i5ting,i5ting/node-cron,2015-05-20T01:58:16Z,1,1,,TRUE,TRUE,
i5ting,i5ting/node-popular-modules,2015-05-17T15:59:26Z,0,0,,TRUE,TRUE,MIT License
i5ting,i5ting/node-sms,2015-05-17T12:15:10Z,3,3,,TRUE,TRUE,MIT License
i5ting,i5ting/node-mq,2015-05-16T13:36:44Z,16,16,,TRUE,TRUE,MIT License
i5ting,i5ting/my-way,2015-01-09T02:56:12Z,2,2,,TRUE,TRUE,MIT License
i5ting,i5ting/connect-redis,2015-05-17T15:52:11Z,0,0,JavaScript,TRUE,TRUE,
i5ting,i5ting/nodejs-video,2015-05-14T02:48:30Z,0,0,,TRUE,TRUE,
i5ting,i5ting/mongooseinstaller,2015-05-13T13:01:24Z,2,2,JavaScript,TRUE,TRUE,MIT License
i5ting,i5ting/china_area.zepto,2015-05-12T06:35:21Z,0,0,JavaScript,TRUE,TRUE,MIT License
i5ting,i5ting/free-for-dev,2015-05-07T11:00:16Z,0,0,,TRUE,TRUE,
i5ting,i5ting/the-missing-frontend,2015-03-18T12:43:11Z,0,0,,TRUE,TRUE,MIT License
i5ting,i5ting/mobile-dev-practice,2015-01-12T03:45:23Z,6,6,Java,TRUE,TRUE,
i5ting,i5ting/qunjingfeng,2015-05-01T14:41:08Z,0,0,,TRUE,TRUE,MIT License
i5ting,i5ting/admin-lite,2015-04-24T08:55:00Z,0,0,HTML,TRUE,TRUE,
i5ting,i5ting/reapp-practice,2015-04-20T00:58:03Z,0,0,JavaScript,TRUE,TRUE,MIT License
i5ting,i5ting/node-sms-luosimao,2015-04-19T06:09:35Z,5,5,JavaScript,TRUE,TRUE,Apache License 2.0
i5ting,i5ting/rspec-rails-examples,2015-04-18T12:06:15Z,0,0,Ruby,TRUE,TRUE,MIT License
i5ting,i5ting/t3js,2015-04-17T23:00:34Z,0,0,JavaScript,TRUE,FALSE,Apache License 2.0
i5ting,i5ting/gitbeijing,2015-04-16T14:27:42Z,0,0,HTML,TRUE,TRUE,
i5ting,i5ting/Collection.js,2014-12-10T15:05:02Z,10,10,JavaScript,TRUE,TRUE,Apache License 2.0
i5ting,i5ting/awesome-android,2015-04-02T06:56:36Z,0,0,,TRUE,TRUE,Apache License 2.0
i5ting,i5ting/maven-repository,2015-04-01T03:35:55Z,0,0,Shell,TRUE,TRUE,
i5ting,i5ting/socks-maven-repository-,2015-03-29T18:27:09Z,0,0,Shell,TRUE,TRUE,
i5ting,i5ting/shadowsocks-android,2015-03-27T04:10:52Z,0,0,C,TRUE,TRUE,GNU General Public License v3.0
i5ting,i5ting/the_remainder_of_one-s_life,2015-03-23T03:31:04Z,2,2,JavaScript,TRUE,TRUE,
i5ting,i5ting/adbdb,2015-03-09T06:33:57Z,0,0,JavaScript,TRUE,TRUE,MIT License
i5ting,i5ting/nodeclub,2014-11-06T06:04:42Z,0,0,,TRUE,TRUE,
i5ting,i5ting/frontend-guidelines,2015-02-26T13:58:22Z,0,0,,TRUE,TRUE,
i5ting,i5ting/data-structure-with-js,2015-02-26T14:38:17Z,0,0,JavaScript,TRUE,TRUE,
i5ting,i5ting/js-must-watch,2015-02-26T14:38:41Z,0,0,,TRUE,TRUE,
i5ting,i5ting/iojs-cn,2015-02-14T07:58:00Z,0,0,CSS,TRUE,TRUE,Other
i5ting,i5ting/awesome-nodejs-and-iojs-practice,2015-02-14T00:52:29Z,0,0,,TRUE,TRUE,MIT License
i5ting,i5ting/socket.io.demo,2015-02-10T12:06:59Z,0,0,CSS,TRUE,TRUE,
i5ting,i5ting/iojs-docset,2015-02-09T15:17:10Z,0,0,JavaScript,TRUE,TRUE,
i5ting,i5ting/ncg,2015-01-17T12:07:24Z,2,2,JavaScript,TRUE,TRUE,MIT License
i5ting,i5ting/editor.md,2015-02-07T04:30:07Z,0,0,JavaScript,TRUE,TRUE,MIT License
i5ting,i5ting/socket.io,2015-02-13T15:35:19Z,0,0,JavaScript,TRUE,TRUE,MIT License
i5ting,i5ting/npmserv,2015-02-04T09:48:55Z,0,0,JavaScript,TRUE,TRUE,MIT License
i5ting,i5ting/ZXingProject,2015-02-04T12:34:47Z,0,0,Java,TRUE,TRUE,MIT License
i5ting,i5ting/gulp-cheatsheet,2015-03-18T03:25:57Z,0,0,CoffeeScript,TRUE,TRUE,
i5ting,i5ting/Lightning-Browser,2015-02-04T13:27:39Z,0,0,Java,TRUE,TRUE,Other
i5ting,i5ting/dygraphs,2015-02-14T03:30:22Z,0,0,JavaScript,TRUE,TRUE,MIT License
i5ting,i5ting/cleanbom,2015-02-02T04:53:30Z,0,0,Java,TRUE,TRUE,MIT License
i5ting,i5ting/api-server,2015-01-16T10:19:22Z,1,1,JavaScript,TRUE,TRUE,MIT License
i5ting,i5ting/js-multipart-upload,2015-01-27T09:42:32Z,0,0,JavaScript,TRUE,TRUE,
i5ting,i5ting/jsoneditor,2015-02-10T14:31:33Z,1,1,JavaScript,TRUE,TRUE,Apache License 2.0
i5ting,i5ting/api-server-test,2015-01-24T14:29:17Z,0,0,,TRUE,TRUE,
i5ting,i5ting/api-play,2015-01-22T07:57:30Z,0,0,,TRUE,TRUE,MIT License
i5ting,i5ting/imap2http,2015-01-21T12:07:09Z,0,0,JavaScript,TRUE,TRUE,
i5ting,i5ting/Getting-Started-with-WebRTC,2015-01-21T07:11:35Z,0,0,,TRUE,TRUE,
i5ting,i5ting/ding,2015-01-21T06:03:25Z,0,0,JavaScript,TRUE,TRUE,
i5ting,i5ting/gulp-jade,2015-02-01T02:58:48Z,0,0,JavaScript,TRUE,TRUE,MIT License
i5ting,i5ting/local-gradle-server,2015-01-15T08:33:41Z,5,5,JavaScript,TRUE,TRUE,MIT License
i5ting,i5ting/Side-Menu.Android,2015-01-17T06:16:09Z,0,0,Java,TRUE,TRUE,Apache License 2.0
i5ting,i5ting/gerrit-2.9.4-doc,2015-01-14T23:10:10Z,0,0,,TRUE,TRUE,
i5ting,i5ting/ejsExcel,2015-01-17T02:50:37Z,0,0,JavaScript,TRUE,TRUE,Other
i5ting,i5ting/supertest,2015-01-23T00:09:39Z,0,0,JavaScript,TRUE,TRUE,MIT License
i5ting,i5ting/nake,2015-06-14T07:39:54Z,0,0,JavaScript,TRUE,TRUE,Other
i5ting,i5ting/awesome-remote-job,2015-01-07T15:08:52Z,0,0,,TRUE,TRUE,
i5ting,i5ting/node-webrtc,2015-01-21T06:56:12Z,0,0,C++,TRUE,TRUE,"BSD 2-Clause ""Simplified"" License"
i5ting,i5ting/learningPixi,2015-02-01T09:31:44Z,0,0,,TRUE,TRUE,
i5ting,i5ting/picturefill,2015-01-20T00:32:42Z,0,0,JavaScript,TRUE,TRUE,MIT License
i5ting,i5ting/android-async-http,2015-01-20T09:25:33Z,0,0,Java,TRUE,TRUE,
i5ting,i5ting/AndroidAssetStudio,2015-02-04T13:27:58Z,0,0,JavaScript,TRUE,TRUE,Apache License 2.0
i5ting,i5ting/twister-webview-app,2015-03-17T09:57:57Z,0,0,Java,TRUE,TRUE,MIT License
i5ting,i5ting/meteor-practice,2014-12-30T23:26:53Z,0,0,,TRUE,TRUE,
i5ting,i5ting/meteor,2014-12-30T23:23:08Z,0,0,JavaScript,TRUE,TRUE,Other
521xueweihan,521xueweihan/GitHub520,2020-05-13T07:25:21Z,21741,21741,Python,TRUE,TRUE,
521xueweihan,521xueweihan/HelloGitHub,2016-05-04T06:24:11Z,92551,92551,Python,TRUE,FALSE,
521xueweihan,521xueweihan/img4,2024-05-10T07:44:28Z,1,1,,TRUE,TRUE,
521xueweihan,521xueweihan/img3,2022-05-31T02:37:33Z,1,1,,TRUE,TRUE,
521xueweihan,521xueweihan/kotaemon,2024-09-21T07:00:45Z,0,0,,TRUE,TRUE,Apache License 2.0
521xueweihan,521xueweihan/RSSHub,2024-09-19T15:20:22Z,1,1,TypeScript,TRUE,TRUE,MIT License
521xueweihan,521xueweihan/testCFOR,2024-07-29T13:05:35Z,0,0,,TRUE,TRUE,
521xueweihan,521xueweihan/spring-reading,2024-07-04T09:18:28Z,5,5,,TRUE,TRUE,MIT License
521xueweihan,521xueweihan/go-size-analyzer,2024-07-04T09:10:16Z,0,0,,TRUE,TRUE,GNU Affero General Public License v3.0
521xueweihan,521xueweihan/test_git,2016-03-02T11:11:02Z,3,3,,TRUE,TRUE,
521xueweihan,521xueweihan/PyTorch-Tutorial-2nd,2024-06-30T14:02:17Z,10,10,,TRUE,TRUE,
521xueweihan,521xueweihan/lobe-chat,2024-06-25T08:33:54Z,0,0,,TRUE,TRUE,Other
521xueweihan,521xueweihan/ob-samples,2024-05-29T06:55:28Z,1,1,Java,TRUE,FALSE,
521xueweihan,521xueweihan/img,2022-11-27T11:08:04Z,1,1,,TRUE,TRUE,
521xueweihan,521xueweihan/OneFile,2022-02-21T09:19:44Z,1150,1150,Shell,TRUE,TRUE,
521xueweihan,521xueweihan/img2,2022-11-27T10:36:32Z,1,1,,TRUE,TRUE,
521xueweihan,521xueweihan/wiki-1,2024-04-28T15:01:34Z,0,0,,TRUE,FALSE,GNU Affero General Public License v3.0
521xueweihan,521xueweihan/VideoPipe,2024-04-17T11:22:00Z,2,2,C++,TRUE,TRUE,Apache License 2.0
521xueweihan,521xueweihan/python,2015-05-08T04:41:52Z,1159,1159,Python,TRUE,TRUE,
521xueweihan,521xueweihan/cloudscraper,2023-05-30T08:04:17Z,0,0,,TRUE,TRUE,MIT License
521xueweihan,521xueweihan/hellogithub.com,2017-07-14T03:55:41Z,760,760,CSS,TRUE,TRUE,
521xueweihan,521xueweihan/img_logo,2021-03-10T04:17:47Z,1,1,,TRUE,TRUE,
521xueweihan,521xueweihan/521xueweihan,2020-07-16T10:10:31Z,14,14,,TRUE,TRUE,
521xueweihan,521xueweihan/git-tips,2016-07-15T12:02:20Z,15598,15598,,TRUE,TRUE,
521xueweihan,521xueweihan/hg-tui,2022-05-13T01:43:07Z,2,2,Rust,TRUE,TRUE,GNU General Public License v3.0
521xueweihan,521xueweihan/homebrew-core,2022-05-11T03:06:52Z,1,1,Ruby,TRUE,FALSE,"BSD 2-Clause ""Simplified"" License"
521xueweihan,521xueweihan/next-realworld-example-app,2022-05-14T02:24:59Z,1,1,,TRUE,TRUE,
521xueweihan,521xueweihan/github-cheat-sheet,2017-03-30T03:35:06Z,3,3,,TRUE,FALSE,MIT License
521xueweihan,521xueweihan/requests-html,2021-10-20T02:34:49Z,2,2,Python,TRUE,TRUE,MIT License
521xueweihan,521xueweihan/Article,2021-08-03T03:06:04Z,6,6,,TRUE,TRUE,
521xueweihan,521xueweihan/blind_watermark,2021-02-27T05:01:49Z,3,3,,TRUE,TRUE,MIT License
521xueweihan,521xueweihan/Tutorials-for-Web-Developers,2021-03-14T06:55:12Z,3,3,,TRUE,TRUE,
521xueweihan,521xueweihan/dnsperftest,2020-11-24T12:33:32Z,1,1,,TRUE,TRUE,
521xueweihan,521xueweihan/wiki,2020-10-27T12:26:56Z,1,1,,TRUE,TRUE,Other
521xueweihan,521xueweihan/Markdown,2020-06-03T08:27:57Z,6,6,,TRUE,TRUE,MIT License
521xueweihan,521xueweihan/chinese-copywriting-guidelines,2020-06-03T08:29:26Z,1,1,,TRUE,FALSE,MIT License
521xueweihan,521xueweihan/holleworld,2015-12-29T04:23:54Z,39,39,Python,TRUE,TRUE,MIT License
521xueweihan,521xueweihan/TeachYourselfCS-CN,2019-11-11T09:13:42Z,2,2,,TRUE,TRUE,Creative Commons Attribution Share Alike 4.0 International
521xueweihan,521xueweihan/requests,2019-08-26T14:32:25Z,1,1,Python,TRUE,TRUE,Other
521xueweihan,521xueweihan/sonic,2019-08-30T01:26:20Z,1,1,Rust,TRUE,FALSE,Mozilla Public License 2.0
521xueweihan,521xueweihan/advertising_law_checker,2019-08-10T03:42:03Z,14,14,JavaScript,TRUE,TRUE,MIT License
521xueweihan,521xueweihan/build-web-application-with-golang,2019-07-23T14:30:31Z,1,1,Go,TRUE,TRUE,"BSD 3-Clause ""New"" or ""Revised"" License"
521xueweihan,521xueweihan/GitHubPageHub,2019-07-08T13:11:37Z,2,2,HTML,TRUE,TRUE,
521xueweihan,521xueweihan/relax,2019-06-10T06:42:27Z,2,2,HTML,TRUE,TRUE,MIT License
521xueweihan,521xueweihan/521xueweihan.github.io,2016-02-28T09:27:03Z,11,11,HTML,TRUE,TRUE,
521xueweihan,521xueweihan/wttr.in,2019-05-25T10:36:40Z,0,0,Python,TRUE,TRUE,Apache License 2.0
521xueweihan,521xueweihan/empty,2019-04-19T09:57:25Z,0,0,,TRUE,TRUE,
521xueweihan,521xueweihan/pandas,2019-04-12T08:34:43Z,0,0,Python,TRUE,TRUE,"BSD 3-Clause ""New"" or ""Revised"" License"
521xueweihan,521xueweihan/shadowsocks-heroku,2016-12-09T10:32:56Z,220,220,CoffeeScript,TRUE,TRUE,
521xueweihan,521xueweihan/ddia,2018-12-28T07:55:27Z,2,2,,TRUE,TRUE,
521xueweihan,521xueweihan/Python_Skills,2017-05-09T05:01:59Z,49,49,,TRUE,TRUE,
521xueweihan,521xueweihan/scrapybook,2019-04-20T00:06:02Z,0,0,Python,TRUE,TRUE,
521xueweihan,521xueweihan/Yams,2018-06-20T08:55:25Z,0,0,C,TRUE,TRUE,MIT License
521xueweihan,521xueweihan/scrapybook-2nd-edition,2019-04-19T23:57:57Z,0,0,Python,TRUE,TRUE,
521xueweihan,521xueweihan/PlainTasks,2018-05-22T08:27:30Z,0,0,Python,TRUE,FALSE,MIT License
521xueweihan,521xueweihan/HelloGitHub_GitBook,2017-03-30T02:49:01Z,12,12,,TRUE,TRUE,
521xueweihan,521xueweihan/note,2015-12-25T04:03:02Z,14,14,Python,TRUE,TRUE,
521xueweihan,521xueweihan/PySpider,2015-06-21T08:27:45Z,51,51,Python,TRUE,TRUE,
521xueweihan,521xueweihan/test_project,2017-07-21T06:18:44Z,0,0,,TRUE,TRUE,
521xueweihan,521xueweihan/project-guidelines,2017-07-18T11:33:41Z,0,0,JavaScript,TRUE,TRUE,MIT License
521xueweihan,521xueweihan/ss-bash,2018-09-23T15:58:15Z,0,0,Shell,TRUE,TRUE,MIT License
521xueweihan,521xueweihan/werkzeug,2017-07-08T19:24:44Z,0,0,Python,TRUE,FALSE,Other
521xueweihan,521xueweihan/awesome-design-systems,2017-06-18T14:50:02Z,0,0,,TRUE,FALSE,The Unlicense
521xueweihan,521xueweihan/python_ebook,2019-10-25T08:15:05Z,0,0,,TRUE,TRUE,
521xueweihan,521xueweihan/PyHub,2016-10-04T16:21:58Z,6,6,Python,TRUE,TRUE,MIT License
521xueweihan,521xueweihan/binlog2sql,2017-05-16T14:43:16Z,1,1,Python,TRUE,TRUE,GNU General Public License v3.0
521xueweihan,521xueweihan/cn-blog,2021-03-10T06:57:56Z,0,0,,TRUE,FALSE,
521xueweihan,521xueweihan/interactive-coding-challenges,2017-04-09T14:21:42Z,8,8,Python,TRUE,TRUE,Other
521xueweihan,521xueweihan/scala,2017-03-31T13:59:17Z,0,0,Scala,TRUE,FALSE,Other
521xueweihan,521xueweihan/coding-interview-university,2017-03-29T16:45:36Z,1,1,,TRUE,FALSE,Creative Commons Attribution Share Alike 4.0 International
521xueweihan,521xueweihan/canal_mysql_nosql_sync,2017-05-16T03:27:09Z,3,3,Java,TRUE,TRUE,
521xueweihan,521xueweihan/bitbar-plugins,2017-03-27T12:44:49Z,0,0,Shell,TRUE,TRUE,
521xueweihan,521xueweihan/shields,2017-03-27T03:02:06Z,0,0,JavaScript,TRUE,FALSE,Other
521xueweihan,521xueweihan/ScreenToGif,2017-03-27T12:59:37Z,0,0,C#,TRUE,TRUE,Microsoft Public License
521xueweihan,521xueweihan/wuzz,2017-03-27T09:46:26Z,0,0,Go,TRUE,TRUE,GNU Affero General Public License v3.0
521xueweihan,521xueweihan/husky,2017-03-27T03:55:04Z,0,0,JavaScript,TRUE,TRUE,MIT License
521xueweihan,521xueweihan/awesome-falsehood,2017-03-27T03:52:24Z,0,0,,TRUE,FALSE,Creative Commons Zero v1.0 Universal
521xueweihan,521xueweihan/hint,2017-03-29T15:42:42Z,1,1,Python,TRUE,TRUE,
521xueweihan,521xueweihan/The-Art-Of-Programming-By-July,2017-03-27T03:19:18Z,18,18,C,TRUE,TRUE,
521xueweihan,521xueweihan/gitbook,2017-03-07T15:52:06Z,1,1,JavaScript,TRUE,FALSE,Apache License 2.0
521xueweihan,521xueweihan/monaco-editor,2017-03-03T17:29:18Z,3,3,JavaScript,TRUE,FALSE,MIT License
521xueweihan,521xueweihan/pynput,2017-03-31T10:03:11Z,0,0,Python,TRUE,TRUE,
521xueweihan,521xueweihan/styledown,2017-02-25T16:31:35Z,0,0,JavaScript,TRUE,TRUE,
521xueweihan,521xueweihan/IPProxyTool,2017-02-15T11:04:14Z,11,11,Python,TRUE,TRUE,MIT License
521xueweihan,521xueweihan/simplemde-markdown-editor,2017-02-10T16:01:03Z,1,1,JavaScript,TRUE,FALSE,MIT License
521xueweihan,521xueweihan/ryu,2017-02-04T13:42:38Z,0,0,Python,TRUE,TRUE,Apache License 2.0
521xueweihan,521xueweihan/hexo-theme-icarus,2017-02-19T14:44:15Z,0,0,CSS,TRUE,TRUE,MIT License
521xueweihan,521xueweihan/Public-APIs,2017-01-23T16:20:06Z,5,5,,TRUE,TRUE,
521xueweihan,521xueweihan/MLAlgorithms,2017-01-26T14:44:04Z,4,4,Python,TRUE,FALSE,MIT License
521xueweihan,521xueweihan/httpbin,2017-02-18T06:55:40Z,1,1,Python,TRUE,FALSE,ISC License
521xueweihan,521xueweihan/pure,2017-01-21T05:39:51Z,0,0,HTML,TRUE,FALSE,Other
521xueweihan,521xueweihan/saythanks.io,2017-01-26T00:15:18Z,0,0,Python,TRUE,TRUE,
521xueweihan,521xueweihan/gevent,2017-01-20T13:28:01Z,0,0,Python,TRUE,TRUE,Other
521xueweihan,521xueweihan/shadowsocks,2017-01-10T15:54:22Z,0,0,Python,TRUE,TRUE,Apache License 2.0
521xueweihan,521xueweihan/sequelpro,2017-01-10T15:44:39Z,0,0,Objective-C,TRUE,TRUE,Other
521xueweihan,521xueweihan/ityped,2017-01-10T15:45:28Z,0,0,JavaScript,TRUE,TRUE,MIT License
521xueweihan,521xueweihan/awsm.css,2017-01-10T15:33:59Z,0,0,HTML,TRUE,TRUE,Other
521xueweihan,521xueweihan/records,2017-01-10T15:28:21Z,1,1,Python,TRUE,TRUE,ISC License
521xueweihan,521xueweihan/grumpy,2017-01-06T15:50:06Z,0,0,Go,TRUE,FALSE,Apache License 2.0
521xueweihan,521xueweihan/Anti-Anti-Spider,2017-01-03T15:33:01Z,8,8,HTML,TRUE,TRUE,
521xueweihan,521xueweihan/explore-python,2017-01-03T15:31:30Z,1,1,,TRUE,TRUE,Other
521xueweihan,521xueweihan/elasticsearch-sql,2017-01-09T03:28:00Z,1,1,Java,TRUE,TRUE,Apache License 2.0
521xueweihan,521xueweihan/mdui,2016-12-30T15:11:19Z,0,0,CSS,TRUE,TRUE,MIT License
521xueweihan,521xueweihan/the-way-to-go_ZH_CN,2016-12-28T16:53:37Z,3,3,Go,TRUE,TRUE,
521xueweihan,521xueweihan/VulApps,2016-12-28T16:52:09Z,4,4,PHP,TRUE,TRUE,GNU General Public License v3.0
521xueweihan,521xueweihan/N-blog,2016-12-28T16:52:39Z,2,2,JavaScript,TRUE,FALSE,
521xueweihan,521xueweihan/Flask-SocketIO,2016-12-17T13:08:41Z,0,0,Python,TRUE,TRUE,MIT License
521xueweihan,521xueweihan/proxy_pool,2016-12-07T04:58:47Z,3,3,Python,TRUE,TRUE,
521xueweihan,521xueweihan/500lines,2017-01-12T15:58:55Z,0,0,JavaScript,TRUE,TRUE,Other
521xueweihan,521xueweihan/reddit,2016-11-26T09:47:09Z,0,0,Python,TRUE,TRUE,Other
521xueweihan,521xueweihan/github-language-statistics,2016-11-22T15:17:57Z,0,0,Go,TRUE,TRUE,Apache License 2.0
521xueweihan,521xueweihan/tornado,2016-11-11T13:37:00Z,0,0,Python,TRUE,TRUE,Apache License 2.0
521xueweihan,521xueweihan/algorithms,2017-01-04T15:25:51Z,2,2,Python,TRUE,TRUE,Other
521xueweihan,521xueweihan/LearnFlask,2015-06-05T11:01:33Z,4,4,Python,TRUE,TRUE,
521xueweihan,521xueweihan/data-science-blogs,2016-10-08T13:25:24Z,0,0,Python,TRUE,FALSE,
521xueweihan,521xueweihan/Projects,2016-09-07T05:34:43Z,0,0,,TRUE,FALSE,MIT License
521xueweihan,521xueweihan/pyuv,2017-01-10T15:51:13Z,0,0,C,TRUE,FALSE,MIT License
521xueweihan,521xueweihan/omnihash,2016-08-12T03:27:10Z,0,0,Python,TRUE,TRUE,MIT License
521xueweihan,521xueweihan/net-speeder,2017-01-19T02:52:23Z,0,0,C,TRUE,TRUE,GNU General Public License v2.0
521xueweihan,521xueweihan/auto-track-event,2016-10-16T04:02:30Z,0,0,JavaScript,TRUE,TRUE,MIT License
521xueweihan,521xueweihan/flask-admin,2016-07-27T08:55:53Z,0,0,Python,TRUE,TRUE,Other
521xueweihan,521xueweihan/tips,2016-07-23T02:29:40Z,0,0,JavaScript,TRUE,TRUE,MIT License
521xueweihan,521xueweihan/security-guide-for-developers,2016-07-22T10:13:02Z,0,0,,TRUE,TRUE,
521xueweihan,521xueweihan/api-guidelines,2016-07-21T11:53:06Z,0,0,,TRUE,TRUE,
521xueweihan,521xueweihan/flask-sockets,2017-01-18T05:16:41Z,0,0,Python,TRUE,TRUE,MIT License
521xueweihan,521xueweihan/lagou-finder,2016-06-28T03:13:42Z,0,0,HTML,TRUE,TRUE,MIT License
521xueweihan,521xueweihan/One-Click-to-Be-Pro,2016-06-08T11:20:09Z,1,1,,TRUE,TRUE,
521xueweihan,521xueweihan/WebClip,2016-07-24T04:54:52Z,0,0,HTML,TRUE,TRUE,
521xueweihan,521xueweihan/dracula-theme,2017-01-26T13:02:44Z,0,0,,TRUE,TRUE,MIT License
521xueweihan,521xueweihan/emoji,2016-08-11T03:23:55Z,0,0,Python,TRUE,TRUE,Other
521xueweihan,521xueweihan/udp_socket,2016-05-06T07:09:53Z,2,2,Python,TRUE,TRUE,
521xueweihan,521xueweihan/github-markdown-css,2016-05-14T10:04:20Z,0,0,HTML,TRUE,FALSE,MIT License
521xueweihan,521xueweihan/mac-notes,2016-11-14T05:02:08Z,0,0,,TRUE,TRUE,
521xueweihan,521xueweihan/awesome-python-cn,2016-03-29T11:11:57Z,12,12,,TRUE,TRUE,
521xueweihan,521xueweihan/sandman,2016-05-15T08:01:58Z,0,0,Python,TRUE,TRUE,Apache License 2.0
521xueweihan,521xueweihan/awesome-python-webapp,2016-02-16T03:16:54Z,2,2,,TRUE,TRUE,GNU General Public License v2.0
521xueweihan,521xueweihan/fpage,2015-12-31T04:06:23Z,0,0,Python,TRUE,TRUE,Do What The F*ck You Want To Public License
521xueweihan,521xueweihan/do-something-with-Django,2015-11-21T15:05:59Z,0,0,Python,TRUE,TRUE,
521xueweihan,521xueweihan/awesome-python,2015-10-28T08:29:37Z,0,0,Python,TRUE,FALSE,Other
521xueweihan,521xueweihan/stackoverflow-py-top-qa,2015-11-12T09:59:41Z,0,0,,TRUE,TRUE,
521xueweihan,521xueweihan/metagoofil,2017-03-06T11:35:04Z,0,0,Python,TRUE,FALSE,GNU General Public License v2.0
521xueweihan,521xueweihan/python_skill,2015-06-03T02:14:10Z,12,12,Python,TRUE,TRUE,
521xueweihan,521xueweihan/lsbaws,2017-02-20T14:17:45Z,1,1,Python,TRUE,TRUE,
521xueweihan,521xueweihan/commandr,2016-07-30T03:41:53Z,0,0,Python,TRUE,TRUE,Apache License 2.0
521xueweihan,521xueweihan/python-tutorials,2016-07-13T03:37:31Z,0,0,Python,TRUE,TRUE,
ityouknow,ityouknow/ityouknow.github.io,2016-07-12T09:26:58Z,141,141,HTML,TRUE,TRUE,Apache License 2.0
ityouknow,ityouknow/awesome-spring-boot,2018-02-08T09:07:49Z,4410,4410,,TRUE,TRUE,
ityouknow,ityouknow/spring-boot-examples,2016-11-05T05:32:33Z,30236,30236,Java,TRUE,TRUE,
ityouknow,ityouknow/spring-cloud-examples,2017-04-28T08:48:53Z,6221,6221,Java,TRUE,TRUE,
ityouknow,ityouknow/spring-boot-leaning,2017-10-30T09:37:28Z,2104,2104,Java,TRUE,TRUE,
ityouknow,ityouknow/awesome-list,2017-06-16T08:46:16Z,508,508,,TRUE,TRUE,Apache License 2.0
ityouknow,ityouknow/docs,2022-08-23T10:44:14Z,0,0,,TRUE,TRUE,MIT License
ityouknow,ityouknow/programmer-not-lonely,2021-10-12T04:22:13Z,12,12,,TRUE,TRUE,
ityouknow,ityouknow/drools-examples,2017-08-01T08:07:03Z,517,517,Java,TRUE,TRUE,Apache License 2.0
ityouknow,ityouknow/ityouknow,2021-01-31T01:54:17Z,3,3,HTML,TRUE,TRUE,Apache License 2.0
ityouknow,ityouknow/book-100,2020-03-29T06:29:01Z,336,336,,TRUE,TRUE,
ityouknow,ityouknow/collect-open-source,2016-08-12T03:27:52Z,72,72,,TRUE,TRUE,
ityouknow,ityouknow/awesome-spring-cloud,2018-02-08T09:08:45Z,1460,1460,,TRUE,TRUE,
ityouknow,ityouknow/wordpress-wechat,2020-09-08T05:59:47Z,2,2,PHP,TRUE,TRUE,
ityouknow,ityouknow/spring-data-jpa-reference-documentation,2016-08-22T10:17:29Z,160,160,,TRUE,TRUE,
ityouknow,ityouknow/website,2021-10-24T07:52:16Z,1,1,,TRUE,FALSE,
ityouknow,ityouknow/pyramid-selling,2019-11-24T02:22:50Z,1,1,,TRUE,TRUE,
ityouknow,ityouknow/diagram,2017-06-29T08:09:13Z,481,481,,TRUE,TRUE,Apache License 2.0
ityouknow,ityouknow/python-fun,2019-10-09T04:13:07Z,12,12,Python,TRUE,TRUE,
ityouknow,ityouknow/python-1000-days,2019-08-05T02:25:29Z,126,126,Python,TRUE,TRUE,
ityouknow,ityouknow/spring-boot-book,2018-04-22T12:20:50Z,186,186,,TRUE,TRUE,Apache License 2.0
ityouknow,ityouknow/reading-list,2017-03-01T03:33:20Z,16,16,,TRUE,TRUE,
ityouknow,ityouknow/spring-examples,2016-07-12T00:53:33Z,173,173,JavaScript,TRUE,TRUE,
ityouknow,ityouknow/awesome-interviews,2018-03-10T08:42:43Z,72,72,,TRUE,TRUE,
ityouknow,ityouknow/awesome-docker,2018-03-16T05:53:46Z,14,14,,TRUE,TRUE,Apache License 2.0
ityouknow,ityouknow/blog-comments,2017-11-22T11:31:31Z,15,15,,TRUE,TRUE,
ityouknow,ityouknow/hadoop-ecosystem-examples,2017-07-24T02:20:39Z,7,7,Java,TRUE,TRUE,Apache License 2.0
ityouknow,ityouknow/python-crawler,2016-10-30T03:51:24Z,68,68,Python,TRUE,TRUE,
PKUFlyingPig,PKUFlyingPig/cs-self-learning,2021-10-20T13:43:42Z,57364,57364,HTML,TRUE,TRUE,MIT License
PKUFlyingPig,PKUFlyingPig/homepage,2023-04-18T08:30:56Z,3,3,TeX,TRUE,TRUE,
PKUFlyingPig,PKUFlyingPig/NandToTetris,2020-06-18T15:08:18Z,171,171,Hack,TRUE,TRUE,
PKUFlyingPig,PKUFlyingPig/CMU10-714,2022-12-04T10:46:22Z,214,214,Jupyter Notebook,TRUE,TRUE,
PKUFlyingPig,PKUFlyingPig/CS224n,2020-06-18T14:58:11Z,70,70,JavaScript,TRUE,TRUE,
PKUFlyingPig,PKUFlyingPig/MIT6.1600,2024-04-13T14:19:09Z,9,9,Python,TRUE,TRUE,
PKUFlyingPig,PKUFlyingPig/CS61A,2020-09-09T06:01:55Z,749,749,JavaScript,TRUE,TRUE,
PKUFlyingPig,PKUFlyingPig/CS186-proj1,2021-10-06T08:27:22Z,5,5,Python,TRUE,TRUE,
PKUFlyingPig,PKUFlyingPig/CS106L,2021-07-11T12:58:16Z,206,206,C++,TRUE,TRUE,
PKUFlyingPig,PKUFlyingPig/RISC-V_CPU,2020-11-15T04:31:36Z,7,7,Python,TRUE,TRUE,
PKUFlyingPig,PKUFlyingPig/Self-learning-Computer-Science,2020-12-28T10:49:53Z,3602,3602,,TRUE,TRUE,
PKUFlyingPig,PKUFlyingPig/CS61B,2020-09-09T09:48:44Z,420,420,Java,TRUE,TRUE,
PKUFlyingPig,PKUFlyingPig/Hadoop_vs_Spark,2022-12-03T06:39:50Z,12,12,Java,TRUE,TRUE,
PKUFlyingPig,PKUFlyingPig/PKUFlyingPig,2021-08-22T03:40:05Z,14,14,,TRUE,TRUE,
PKUFlyingPig,PKUFlyingPig/alpa,2022-03-31T03:55:41Z,2,2,Python,TRUE,TRUE,Apache License 2.0
PKUFlyingPig,PKUFlyingPig/Computer-Network-A-Top-Down-Approach,2021-03-18T13:02:25Z,163,163,Python,TRUE,TRUE,
PKUFlyingPig,PKUFlyingPig/tensorflow-alpa,2022-09-03T14:49:03Z,0,0,,TRUE,TRUE,Apache License 2.0
PKUFlyingPig,PKUFlyingPig/fastertransformer_backend,2022-08-17T13:58:15Z,0,0,Python,TRUE,FALSE,"BSD 3-Clause ""New"" or ""Revised"" License"
PKUFlyingPig,PKUFlyingPig/resume-latex,2023-04-04T03:12:52Z,1,1,,TRUE,TRUE,
PKUFlyingPig,PKUFlyingPig/AzurePublicDataset,2022-10-20T12:10:43Z,0,0,,TRUE,TRUE,Creative Commons Attribution 4.0 International
PKUFlyingPig,PKUFlyingPig/EECS126,2021-02-24T16:22:59Z,95,95,Jupyter Notebook,TRUE,TRUE,
PKUFlyingPig,PKUFlyingPig/Thesis-Template,2022-06-19T06:32:59Z,10,10,,TRUE,TRUE,
PKUFlyingPig,PKUFlyingPig/UCB-CS70,2021-02-07T03:32:42Z,210,210,,TRUE,TRUE,
PKUFlyingPig,PKUFlyingPig/jax-alpa,2022-03-31T03:06:11Z,0,0,Python,TRUE,TRUE,Apache License 2.0
PKUFlyingPig,PKUFlyingPig/pku-cs-self-learning,2021-12-15T08:53:58Z,30,30,,TRUE,TRUE,
PKUFlyingPig,PKUFlyingPig/pku-os-course,2021-09-12T07:09:35Z,13,13,HTML,TRUE,TRUE,MIT License
PKUFlyingPig,PKUFlyingPig/Awesome-System-for-Machine-Learning,2021-11-08T12:41:19Z,8,8,,TRUE,TRUE,MIT License
PKUFlyingPig,PKUFlyingPig/comments-for-awesome-courses,2021-10-29T04:47:27Z,28,28,,TRUE,TRUE,
PKUFlyingPig,PKUFlyingPig/CS143-compiler,2021-03-19T05:22:53Z,6,6,Java,TRUE,TRUE,
PKUFlyingPig,PKUFlyingPig/os-course,2021-10-16T04:44:28Z,2,2,HTML,TRUE,TRUE,MIT License
PKUFlyingPig,PKUFlyingPig/CS186,2021-10-06T08:32:31Z,297,297,,TRUE,TRUE,
PKUFlyingPig,PKUFlyingPig/CS186-proj6,2021-10-06T09:08:47Z,0,0,Python,TRUE,TRUE,
PKUFlyingPig,PKUFlyingPig/CS186-Rookiedb,2021-10-06T08:43:41Z,30,30,Java,TRUE,TRUE,
PKUFlyingPig,PKUFlyingPig/CS110L,2021-09-15T02:47:59Z,40,40,Rust,TRUE,TRUE,MIT License
PKUFlyingPig,PKUFlyingPig/pkuflyingpig.github.io,2021-09-12T07:45:07Z,0,0,,TRUE,TRUE,
PKUFlyingPig,PKUFlyingPig/rubber-docker,2021-08-05T06:13:01Z,76,76,Python,TRUE,TRUE,MIT License
PKUFlyingPig,PKUFlyingPig/project-based-learning,2021-08-06T08:28:55Z,8,8,,TRUE,TRUE,MIT License
PKUFlyingPig,PKUFlyingPig/CS149-parallel-computing,2021-07-31T12:03:53Z,170,170,C,TRUE,TRUE,
PKUFlyingPig,PKUFlyingPig/asst4,2021-07-29T01:26:28Z,2,2,C++,TRUE,TRUE,
PKUFlyingPig,PKUFlyingPig/asst3,2021-06-18T08:35:53Z,3,3,C++,TRUE,TRUE,
PKUFlyingPig,PKUFlyingPig/CS179,2021-07-24T13:27:54Z,3,3,C++,TRUE,TRUE,
PKUFlyingPig,PKUFlyingPig/asst1,2021-05-14T10:14:56Z,16,16,C++,TRUE,TRUE,
PKUFlyingPig,PKUFlyingPig/asst2,2021-05-28T06:51:06Z,3,3,C++,TRUE,TRUE,
PKUFlyingPig,PKUFlyingPig/IoT-For-Beginners,2021-07-13T03:30:36Z,2,2,,TRUE,TRUE,MIT License
PKUFlyingPig,PKUFlyingPig/UCB-CS170,2021-06-21T02:20:49Z,78,78,Jupyter Notebook,TRUE,TRUE,
PKUFlyingPig,PKUFlyingPig/build-your-own-x,2021-07-10T06:42:17Z,2,2,,TRUE,FALSE,
PKUFlyingPig,PKUFlyingPig/sp21-proj1,2021-06-24T09:23:22Z,1,1,Python,TRUE,TRUE,
PKUFlyingPig,PKUFlyingPig/ArchiveMachine,2021-04-06T12:56:12Z,4,4,HTML,TRUE,TRUE,
PKUFlyingPig,PKUFlyingPig/MIT6.031-software-construction,2021-06-12T08:29:01Z,67,67,Java,TRUE,TRUE,
PKUFlyingPig,PKUFlyingPig/CS144-Computer-Network,2021-03-19T04:23:40Z,334,334,C++,TRUE,TRUE,
PKUFlyingPig,PKUFlyingPig/autocomplete,2021-06-01T05:28:31Z,2,2,,TRUE,TRUE,MIT License
PKUFlyingPig,PKUFlyingPig/CS169-Software-Engineering,2021-05-26T10:04:14Z,41,41,,TRUE,TRUE,
PKUFlyingPig,PKUFlyingPig/hw-activerecord-practice,2021-05-25T06:41:00Z,1,1,Ruby,TRUE,TRUE,
PKUFlyingPig,PKUFlyingPig/hw-sinatra-saas-hangperson,2021-05-19T04:38:18Z,4,4,Ruby,TRUE,TRUE,
PKUFlyingPig,PKUFlyingPig/hw-ruby-intro,2021-05-13T09:47:57Z,2,2,Ruby,TRUE,TRUE,
PKUFlyingPig,PKUFlyingPig/PipeSwitch,2021-05-22T05:15:13Z,1,1,,TRUE,TRUE,Apache License 2.0
PKUFlyingPig,PKUFlyingPig/hw-rails-intro,2021-06-15T10:31:12Z,1,1,,TRUE,TRUE,
PKUFlyingPig,PKUFlyingPig/hw-rails-hangperson,2021-05-31T13:54:46Z,1,1,,TRUE,FALSE,
PKUFlyingPig,PKUFlyingPig/Princeton-Algorithm,2020-09-18T06:43:49Z,90,90,Java,TRUE,TRUE,
PKUFlyingPig,PKUFlyingPig/dotfiles_MacOS,2021-03-24T07:07:17Z,1,1,Shell,TRUE,TRUE,MIT License
PKUFlyingPig,PKUFlyingPig/autoSubmit,2021-03-14T03:49:23Z,0,0,,TRUE,TRUE,
PKUFlyingPig,PKUFlyingPig/EE16A,2021-02-24T16:20:08Z,42,42,Jupyter Notebook,TRUE,TRUE,
PKUFlyingPig,PKUFlyingPig/fa20,2021-06-24T09:20:49Z,0,0,,TRUE,TRUE,
PKUFlyingPig,PKUFlyingPig/NeuralNetwork-by-RISC-V,2020-12-03T17:39:58Z,5,5,Python,TRUE,TRUE,
PKUFlyingPig,PKUFlyingPig/MIT6.824,2021-02-07T03:56:31Z,138,138,Go,TRUE,TRUE,
PKUFlyingPig,PKUFlyingPig/Deep-Learning-Papers-Reading-Roadmap,2021-02-20T03:23:07Z,2,2,,TRUE,TRUE,
PKUFlyingPig,PKUFlyingPig/MIT6.S081-2020fall,2020-09-15T09:48:49Z,344,344,C,TRUE,TRUE,
PKUFlyingPig,PKUFlyingPig/CS61C-summer20,2020-11-02T03:33:17Z,251,251,C,TRUE,TRUE,
PKUFlyingPig,PKUFlyingPig/UCB-EE120,2020-12-30T03:21:58Z,53,53,Jupyter Notebook,TRUE,TRUE,
PKUFlyingPig,PKUFlyingPig/cs50_ai,2020-12-30T02:49:37Z,68,68,HTML,TRUE,TRUE,
PKUFlyingPig,PKUFlyingPig/Standford_CVX101,2020-12-30T02:46:06Z,68,68,Jupyter Notebook,TRUE,TRUE,
PKUFlyingPig,PKUFlyingPig/MIT18.330,2020-12-29T14:57:53Z,29,29,Jupyter Notebook,TRUE,TRUE,Other
PKUFlyingPig,PKUFlyingPig/CS61C-labs,2021-01-02T08:19:05Z,61,61,C,TRUE,TRUE,
PKUFlyingPig,PKUFlyingPig/machine-learning-for-software-engineers,2021-03-02T02:20:16Z,1,1,,TRUE,TRUE,Creative Commons Attribution Share Alike 4.0 International
PKUFlyingPig,PKUFlyingPig/GameOfLife,2020-12-03T16:43:48Z,1,1,C,TRUE,TRUE,
PKUFlyingPig,PKUFlyingPig/Mandelbrot-Fractal-Zoomer,2020-12-01T06:27:23Z,0,0,C,TRUE,TRUE,
PKUFlyingPig,PKUFlyingPig/hw-hello-rails,2021-05-31T13:57:13Z,0,0,,TRUE,TRUE,
PKUFlyingPig,PKUFlyingPig/CS229,2020-06-18T14:51:38Z,231,231,Jupyter Notebook,TRUE,TRUE,
PKUFlyingPig,PKUFlyingPig/MiniWarThunder,2020-04-06T14:07:27Z,0,0,,TRUE,TRUE,
PKUFlyingPig,PKUFlyingPig/machine-learning-exercises,2020-02-04T14:56:15Z,1,1,Jupyter Notebook,TRUE,TRUE,
PKUFlyingPig,PKUFlyingPig/RhodesIslandVSReunion,2020-02-23T10:35:36Z,0,0,Java,TRUE,TRUE,
singwhatiwanna,singwhatiwanna/dynamic-load-apk,2014-03-30T11:51:00Z,6025,6025,Java,TRUE,TRUE,Other
singwhatiwanna,singwhatiwanna/android-art-res,2015-07-24T03:17:48Z,1729,1729,Java,TRUE,TRUE,Apache License 2.0
singwhatiwanna,singwhatiwanna/pinduoduo_backdoor,2023-03-09T10:10:00Z,1,1,,TRUE,TRUE,
singwhatiwanna,singwhatiwanna/PinnedHeaderExpandableListView,2014-05-11T06:37:01Z,898,898,Java,TRUE,TRUE,Other
singwhatiwanna,singwhatiwanna/singwhatiwanna.github.io,2015-05-11T06:27:05Z,1,1,CSS,TRUE,TRUE,
singwhatiwanna,singwhatiwanna/VirtualAPK,2017-09-16T14:14:17Z,5,5,Java,TRUE,TRUE,Apache License 2.0
singwhatiwanna,singwhatiwanna/tinker,2016-09-24T04:35:40Z,1,1,Java,TRUE,TRUE,Other
singwhatiwanna,singwhatiwanna/GSD_WeiXin,2016-10-25T04:01:47Z,11,11,Objective-C,TRUE,TRUE,
singwhatiwanna,singwhatiwanna/react-native,2015-12-19T16:11:51Z,0,0,JavaScript,TRUE,TRUE,Other
singwhatiwanna,singwhatiwanna/android-jobs,2015-11-13T06:07:40Z,23,23,,TRUE,TRUE,
singwhatiwanna,singwhatiwanna/banner,2015-06-17T14:45:37Z,83,83,Java,TRUE,TRUE,Apache License 2.0
singwhatiwanna,singwhatiwanna/TinyIme,2015-07-09T09:52:45Z,3,3,Java,TRUE,TRUE,Apache License 2.0
singwhatiwanna,singwhatiwanna/SysServiceProxyLib,2015-04-16T14:57:39Z,0,0,Java,TRUE,TRUE,Apache License 2.0
singwhatiwanna,singwhatiwanna/fresco,2015-03-31T04:48:47Z,1,1,Java,TRUE,TRUE,Other
singwhatiwanna,singwhatiwanna/android_design_patterns_analysis,2015-03-04T15:47:05Z,25,25,,TRUE,TRUE,
singwhatiwanna,singwhatiwanna/AndroidDevTips,2015-03-23T08:58:01Z,4,4,,TRUE,TRUE,
singwhatiwanna,singwhatiwanna/jna,2015-01-08T04:56:33Z,1,1,Java,TRUE,TRUE,Other
singwhatiwanna,singwhatiwanna/CodeBox,2014-12-02T16:33:05Z,7,7,Java,TRUE,TRUE,
singwhatiwanna,singwhatiwanna/android-common,2014-11-05T14:57:43Z,4,4,,TRUE,TRUE,
singwhatiwanna,singwhatiwanna/RootAppDemo,2014-09-04T03:44:24Z,0,0,,TRUE,TRUE,Apache License 2.0
singwhatiwanna,singwhatiwanna/android-open-project,2014-05-30T05:04:20Z,121,121,,TRUE,TRUE,Apache License 2.0
singwhatiwanna,singwhatiwanna/ApplerChat,2014-02-22T16:43:11Z,13,13,C++,TRUE,TRUE,
singwhatiwanna,singwhatiwanna/SlideSwitch,2013-07-09T03:23:40Z,25,25,Java,TRUE,TRUE,
singwhatiwanna,singwhatiwanna/AndroidUiDemo,2014-02-10T09:45:34Z,0,0,Java,TRUE,TRUE,Apache License 2.0
singwhatiwanna,singwhatiwanna/Apktool,2014-01-13T03:18:33Z,2,2,Java,TRUE,FALSE,
singwhatiwanna,singwhatiwanna/NineOldAndroids,2014-01-21T11:46:30Z,1,1,Java,TRUE,FALSE,Apache License 2.0
tangqiaoboy,tangqiaoboy/tangqiaoboy.github.com,2011-12-24T15:26:54Z,40,40,HTML,TRUE,TRUE,
tangqiaoboy,tangqiaoboy/hexo-theme-archer,2020-02-11T07:51:02Z,1,1,SCSS,TRUE,TRUE,MIT License
tangqiaoboy,tangqiaoboy/SmartInvest,2021-11-19T11:26:10Z,0,0,,TRUE,TRUE,MIT License
tangqiaoboy,tangqiaoboy/iOSBlogCN,2014-03-25T08:26:01Z,5396,5396,Python,TRUE,TRUE,GNU General Public License v2.0
tangqiaoboy,tangqiaoboy/jacman,2016-02-16T07:57:14Z,4,4,CSS,TRUE,TRUE,MIT License
tangqiaoboy,tangqiaoboy/RenZhengfei,2021-04-18T14:58:06Z,10,10,,TRUE,TRUE,
tangqiaoboy,tangqiaoboy/UIWebViewSample,2012-04-10T03:28:42Z,56,56,Objective-C,TRUE,TRUE,
tangqiaoboy,tangqiaoboy/atswift-2018-resources,2018-09-17T03:16:49Z,2,2,,TRUE,TRUE,
tangqiaoboy,tangqiaoboy/MouseInMaze,2016-07-01T15:04:59Z,0,0,JavaScript,TRUE,TRUE,
tangqiaoboy,tangqiaoboy/ims,2016-09-20T08:46:57Z,0,0,JavaScript,TRUE,TRUE,Apache License 2.0
tangqiaoboy,tangqiaoboy/iOS-Pro,2014-11-25T12:53:46Z,773,773,,TRUE,TRUE,
tangqiaoboy,tangqiaoboy/xcode_tool,2011-12-14T02:52:39Z,557,557,Objective-C,TRUE,TRUE,
tangqiaoboy,tangqiaoboy/XcodeGhost,2015-09-19T00:50:53Z,0,0,Objective-C,TRUE,TRUE,
tangqiaoboy,tangqiaoboy/FmdbSample,2012-04-22T08:55:44Z,161,161,Objective-C,TRUE,TRUE,
tangqiaoboy,tangqiaoboy/quotation.github.io,2015-05-25T13:44:12Z,0,0,CSS,TRUE,TRUE,
tangqiaoboy,tangqiaoboy/newsyc,2013-02-28T03:10:07Z,49,49,Objective-C,TRUE,TRUE,"BSD 3-Clause ""New"" or ""Revised"" License"
tangqiaoboy,tangqiaoboy/the-swift-programming-language-in-chinese,2014-07-12T08:25:38Z,20,20,,TRUE,TRUE,
tangqiaoboy,tangqiaoboy/Ready2Rock,2014-04-13T12:59:18Z,0,0,,TRUE,TRUE,
tangqiaoboy,tangqiaoboy/HashTest,2013-12-23T04:19:05Z,0,0,Java,TRUE,TRUE,
tangqiaoboy,tangqiaoboy/FlurryUsageSample,2013-10-25T03:32:13Z,16,16,Objective-C,TRUE,TRUE,
tangqiaoboy,tangqiaoboy/LTBlacklist,2013-09-25T02:28:25Z,1,1,Objective-C,TRUE,TRUE,MIT License
tangqiaoboy,tangqiaoboy/iOSSF,2013-04-27T10:07:25Z,0,0,Objective-C,TRUE,TRUE,
tangqiaoboy,tangqiaoboy/MultiLayerNavigation,2013-04-17T06:00:26Z,5,5,Objective-C,TRUE,TRUE,
tangqiaoboy,tangqiaoboy/DocSets-for-iOS,2013-05-07T06:43:24Z,2,2,C,TRUE,TRUE,
tangqiaoboy,tangqiaoboy/DoubanAlbum,2013-01-14T07:56:06Z,27,27,Objective-C,TRUE,TRUE,
tangqiaoboy,tangqiaoboy/KVO_Sample,2013-01-01T14:41:48Z,5,5,Objective-C,TRUE,TRUE,
tangqiaoboy,tangqiaoboy/TopWindowSample,2012-09-08T08:35:32Z,0,0,Objective-C,TRUE,TRUE,
tangqiaoboy,tangqiaoboy/SynchronizedUIActionSheetDemo,2012-06-24T12:18:43Z,20,20,Objective-C,TRUE,TRUE,
tangqiaoboy,tangqiaoboy/spf13-vim,2012-10-17T06:16:36Z,1,1,VimL,TRUE,TRUE,
tangqiaoboy,tangqiaoboy/AVFoundationDemo,2012-10-16T10:03:24Z,2,2,Objective-C,TRUE,TRUE,
tangqiaoboy,tangqiaoboy/VideoRecordSample,2012-09-26T03:31:47Z,2,2,Objective-C,TRUE,TRUE,
tangqiaoboy,tangqiaoboy/iRuby,2012-09-24T08:53:03Z,4,4,Objective-C,TRUE,TRUE,
tangqiaoboy,tangqiaoboy/ClassNote-iOS,2012-09-10T01:58:34Z,1,1,Objective-C,TRUE,TRUE,
tangqiaoboy,tangqiaoboy/juzhai,2012-09-10T01:53:16Z,0,0,Objective-C,TRUE,TRUE,
tangqiaoboy,tangqiaoboy/iphone-app,2012-09-02T02:33:31Z,13,13,Objective-C,TRUE,TRUE,GNU General Public License v2.0
tangqiaoboy,tangqiaoboy/WindjsUsageSample,2012-08-28T14:01:06Z,1,1,JavaScript,TRUE,TRUE,
tangqiaoboy,tangqiaoboy/iOS-QR-Code-Generator,2012-10-15T09:15:30Z,0,0,C,TRUE,TRUE,
tangqiaoboy,tangqiaoboy/iOS5ViewCtrlerSample,2012-02-06T14:06:05Z,55,55,Objective-C,TRUE,TRUE,
tangqiaoboy,tangqiaoboy/octopress,2011-12-24T14:22:21Z,1,1,Ruby,TRUE,TRUE,
tangqiaoboy,tangqiaoboy/ELCImageGrabber,2011-12-15T06:03:35Z,1,1,Objective-C,TRUE,TRUE,
tangqiaoboy,tangqiaoboy/ELCImagePickerController,2011-12-13T05:23:41Z,2,2,Objective-C,TRUE,TRUE,
tangqiaoboy,tangqiaoboy/WBShareKit,2011-12-18T14:37:34Z,8,8,Objective-C,TRUE,TRUE,
tangqiaoboy,tangqiaoboy/Hello-World,2011-04-17T10:50:38Z,1,1,,TRUE,TRUE,
gaoxiang12,gaoxiang12/slam_in_autonomous_driving,2023-02-10T05:29:20Z,1949,1949,C++,TRUE,TRUE,
gaoxiang12,gaoxiang12/faster-lio,2022-02-17T05:49:35Z,1081,1081,C++,TRUE,TRUE,GNU General Public License v2.0
gaoxiang12,gaoxiang12/slambook2,2018-08-19T05:21:13Z,5510,5510,C++,TRUE,TRUE,MIT License
gaoxiang12,gaoxiang12/slam-in-ad-en,2024-03-13T03:52:35Z,57,57,TeX,TRUE,TRUE,MIT License
gaoxiang12,gaoxiang12/slambook,2016-06-27T06:19:11Z,6915,6915,C++,TRUE,TRUE,MIT License
gaoxiang12,gaoxiang12/CUDA_Freshman,2024-03-01T08:56:34Z,25,25,Cuda,TRUE,TRUE,
gaoxiang12,gaoxiang12/grasp_det_seg_cnn,2023-09-14T04:37:53Z,4,4,Python,TRUE,TRUE,"BSD 3-Clause ""New"" or ""Revised"" License"
gaoxiang12,gaoxiang12/slambook-en,2017-04-23T13:00:08Z,1492,1492,TeX,TRUE,TRUE,GNU General Public License v3.0
gaoxiang12,gaoxiang12/ORBSLAM2_with_pointcloud_map,2016-05-26T09:02:22Z,852,852,C++,TRUE,TRUE,
gaoxiang12,gaoxiang12/dsol,2022-04-27T02:37:21Z,2,2,,TRUE,TRUE,Apache License 2.0
gaoxiang12,gaoxiang12/awesome-modern-cpp,2020-12-01T06:29:23Z,25,25,,TRUE,TRUE,
gaoxiang12,gaoxiang12/octomap_tutor,2015-12-12T07:44:28Z,216,216,CMake,TRUE,TRUE,MIT License
gaoxiang12,gaoxiang12/rgbd-slam-tutorial-gx,2015-07-09T07:39:15Z,553,553,C++,TRUE,TRUE,
gaoxiang12,gaoxiang12/g2o_ba_example,2016-03-21T14:23:17Z,130,130,CMake,TRUE,TRUE,
gaoxiang12,gaoxiang12/CHINESE-OCR,2019-04-02T08:46:02Z,5,5,Python,TRUE,TRUE,
gaoxiang12,gaoxiang12/state-estimation-exercises,2018-11-29T09:46:47Z,103,103,TeX,TRUE,TRUE,
gaoxiang12,gaoxiang12/ORB-YGZ-SLAM,2017-06-30T07:07:23Z,476,476,C++,TRUE,TRUE,Other
gaoxiang12,gaoxiang12/ygz-stereo-inertial,2017-07-21T08:19:35Z,263,263,C++,TRUE,TRUE,MIT License
gaoxiang12,gaoxiang12/apollo,2017-07-05T04:40:33Z,7,7,C++,TRUE,TRUE,Apache License 2.0
gaoxiang12,gaoxiang12/VINS-Mobile,2017-05-08T04:43:49Z,4,4,C++,TRUE,TRUE,GNU General Public License v3.0
gaoxiang12,gaoxiang12/dso,2017-01-13T02:52:10Z,4,4,C++,TRUE,TRUE,GNU General Public License v3.0
gaoxiang12,gaoxiang12/ORB_SLAM2,2016-12-19T03:56:24Z,12,12,C++,TRUE,FALSE,Other
gaoxiang12,gaoxiang12/DBow3,2016-09-26T07:58:44Z,4,4,C++,TRUE,TRUE,Other
gaoxiang12,gaoxiang12/ekfmonoslam,2017-05-08T02:57:26Z,5,5,Matlab,TRUE,TRUE,Other
gaoxiang12,gaoxiang12/okvis,2016-08-26T11:36:11Z,5,5,C++,TRUE,TRUE,Other
gaoxiang12,gaoxiang12/zed-slam,2016-06-16T08:57:02Z,24,24,C++,TRUE,TRUE,MIT License
gaoxiang12,gaoxiang12/fonts,2016-06-20T06:41:12Z,3,3,Shell,TRUE,TRUE,
gaoxiang12,gaoxiang12/lantern,2016-05-17T04:08:35Z,8,8,Go,TRUE,TRUE,Apache License 2.0
gaoxiang12,gaoxiang12/Pangolin,2016-05-17T04:04:34Z,3,3,C++,TRUE,TRUE,MIT License
gaoxiang12,gaoxiang12/typeset,2016-06-18T03:40:00Z,1,1,TeX,TRUE,TRUE,
gaoxiang12,gaoxiang12/cvpr16-deepbit,2017-07-29T09:28:10Z,3,3,C++,TRUE,TRUE,Other
gaoxiang12,gaoxiang12/rpg_svo,2016-04-19T08:07:12Z,1,1,C++,TRUE,TRUE,GNU General Public License v3.0
gaoxiang12,gaoxiang12/SLIC-superpixel-with-OpenCV,2016-07-25T08:40:25Z,4,4,C++,TRUE,TRUE,
gaoxiang12,gaoxiang12/slam3d_gx,2014-05-17T01:36:44Z,63,63,C++,TRUE,TRUE,GNU General Public License v3.0
gaoxiang12,gaoxiang12/rgbd-slam-tutor2,2016-02-21T05:02:58Z,103,103,C++,TRUE,TRUE,
gaoxiang12,gaoxiang12/caffe-posenet,2019-04-02T07:10:30Z,0,0,C++,TRUE,TRUE,Other
gaoxiang12,gaoxiang12/viso2,2016-05-16T04:51:41Z,2,2,C++,TRUE,TRUE,
gaoxiang12,gaoxiang12/CarrotSLAM,2015-09-26T01:34:04Z,2,2,,TRUE,TRUE,MIT License
gaoxiang12,gaoxiang12/Test,2014-12-18T12:02:54Z,1,1,,TRUE,TRUE,
gaoxiang12,gaoxiang12/interact_segmentation,2015-06-02T08:00:16Z,1,1,,TRUE,TRUE,
gaoxiang12,gaoxiang12/TSDF-XXOO,2014-12-28T14:43:44Z,1,1,Java,TRUE,TRUE,
gaoxiang12,gaoxiang12/research,2014-05-14T08:16:09Z,1,1,C++,TRUE,TRUE,
gaoxiang12,gaoxiang12/slam_gx,2014-02-25T03:15:03Z,5,5,C++,TRUE,TRUE,GNU General Public License v3.0
gaoxiang12,gaoxiang12/follower_TLD,2014-04-03T05:46:21Z,13,13,C++,TRUE,TRUE,
gaoxiang12,gaoxiang12/g2o,2014-02-24T01:16:39Z,5,5,C++,TRUE,TRUE,
gaoxiang12,gaoxiang12/study-gx,2014-02-10T04:22:11Z,1,1,,TRUE,TRUE,GNU General Public License v2.0
gaoxiang12,gaoxiang12/Spoon-Knife,2014-02-10T04:42:04Z,1,1,,TRUE,FALSE,
gaoxiang12,gaoxiang12/ScaViSLAM,2014-03-01T06:39:03Z,4,4,C++,TRUE,TRUE,GNU Lesser General Public License v3.0
liuhuanyong,liuhuanyong/liuhuanyong.github.io,2018-03-02T02:45:32Z,380,380,CSS,TRUE,TRUE,
liuhuanyong,liuhuanyong/QASystemOnMedicalKG,2018-10-04T06:34:36Z,6313,6313,Python,TRUE,TRUE,
liuhuanyong,liuhuanyong/RAG_KBQA,2024-08-08T07:52:52Z,4,4,,TRUE,TRUE,
liuhuanyong,liuhuanyong/RAGOnMedicalKG,2024-03-30T03:04:04Z,191,191,Python,TRUE,TRUE,
liuhuanyong,liuhuanyong/FinanceEventGraph,2022-09-24T00:08:28Z,19,19,,TRUE,TRUE,
liuhuanyong,liuhuanyong/CausalEventPairsDataset,2022-09-17T13:05:41Z,23,23,,TRUE,TRUE,
liuhuanyong,liuhuanyong/CrimeKgAssitant,2018-11-11T07:49:15Z,1402,1402,Python,TRUE,TRUE,
liuhuanyong,liuhuanyong/ZhuguanDetection,2018-09-13T14:48:12Z,54,54,Python,TRUE,TRUE,
liuhuanyong,liuhuanyong/ChineseSemanticKB,2020-07-18T13:10:37Z,739,739,Python,TRUE,TRUE,
liuhuanyong,liuhuanyong/EventTriplesExtraction,2018-08-15T02:34:55Z,915,915,Python,TRUE,TRUE,
liuhuanyong,liuhuanyong/ebook,2024-08-22T07:18:10Z,2,2,,TRUE,TRUE,
liuhuanyong,liuhuanyong/QueryCorrection,2018-05-27T07:53:47Z,79,79,Python,TRUE,TRUE,
liuhuanyong,liuhuanyong/MedicalNamedEntityRecognition,2018-11-27T11:20:06Z,424,424,Python,TRUE,TRUE,
liuhuanyong,liuhuanyong/DescriptionKBExtraction,2020-07-24T11:34:53Z,20,20,Python,TRUE,TRUE,
liuhuanyong,liuhuanyong/ChainKnowledgeGraph,2021-10-26T07:15:17Z,569,569,Python,TRUE,TRUE,
liuhuanyong,liuhuanyong/TextGrapher,2018-07-25T07:30:37Z,1358,1358,Python,TRUE,TRUE,
liuhuanyong,liuhuanyong/SinglepassTextCluster,2021-09-04T11:59:31Z,61,61,Python,TRUE,TRUE,
liuhuanyong,liuhuanyong/DomainWordsDict,2021-08-27T15:16:36Z,655,655,,TRUE,TRUE,
liuhuanyong,liuhuanyong/CommonSchemaKG,2021-04-27T07:55:30Z,28,28,,TRUE,TRUE,
liuhuanyong,liuhuanyong/PersonGraphDataSet,2021-01-26T10:54:28Z,238,238,,TRUE,TRUE,
liuhuanyong,liuhuanyong/Seq2seqAttGeneration,2021-01-07T10:06:28Z,17,17,Python,TRUE,TRUE,
liuhuanyong,liuhuanyong/Seq2seqGeneration,2021-01-07T07:30:14Z,9,9,Python,TRUE,TRUE,
liuhuanyong,liuhuanyong/CognitiveInference,2020-08-30T11:50:32Z,116,116,,TRUE,TRUE,
liuhuanyong,liuhuanyong/EventKGNELL,2020-03-18T05:11:01Z,71,71,,TRUE,TRUE,
liuhuanyong,liuhuanyong/SiameseSentenceSimilarity,2018-11-27T13:46:37Z,264,264,Python,TRUE,TRUE,
liuhuanyong,liuhuanyong/AbstractKnowledgeGraph,2019-08-04T16:07:24Z,236,236,Python,TRUE,TRUE,
liuhuanyong,liuhuanyong/DocSentimentAnalysis,2018-03-20T06:51:28Z,103,103,Python,TRUE,TRUE,
liuhuanyong,liuhuanyong/CausalCollocation,2019-04-22T05:06:05Z,47,47,,TRUE,TRUE,
liuhuanyong,liuhuanyong/EventPredictBasedOnEG,2019-03-29T10:48:39Z,61,61,Python,TRUE,TRUE,
liuhuanyong,liuhuanyong/ZhidaoChatbot,2019-03-29T14:10:58Z,42,42,Python,TRUE,TRUE,
liuhuanyong,liuhuanyong/IdealWordCloudKit,2019-01-26T09:35:15Z,33,33,Python,TRUE,TRUE,
liuhuanyong,liuhuanyong/PersonalModernPoems,2018-12-23T13:53:37Z,15,15,,TRUE,TRUE,
liuhuanyong,liuhuanyong/ChineseNLPCorpus,2018-12-15T14:33:18Z,437,437,Python,TRUE,TRUE,
liuhuanyong,liuhuanyong/KnowledgeGraphSlides,2018-12-15T03:37:23Z,344,344,,TRUE,TRUE,
liuhuanyong,liuhuanyong/ChineseHumorSentiment,2018-11-27T13:00:45Z,113,113,Python,TRUE,TRUE,
liuhuanyong,liuhuanyong/SentenceSimilarity,2018-03-06T07:25:58Z,358,358,Python,TRUE,TRUE,
liuhuanyong,liuhuanyong/LawCrimeMining,2018-08-08T09:18:01Z,304,304,Python,TRUE,TRUE,
liuhuanyong,liuhuanyong/WordMultiSenseDisambiguation,2018-11-17T13:24:45Z,124,124,Python,TRUE,TRUE,
liuhuanyong,liuhuanyong/SequentialEventExtration,2018-07-20T03:49:36Z,179,179,Python,TRUE,TRUE,
liuhuanyong,liuhuanyong/EventMonitor,2018-05-30T14:03:40Z,152,152,Python,TRUE,TRUE,
liuhuanyong,liuhuanyong/ChineseEmbedding,2018-11-01T11:57:27Z,449,449,Python,TRUE,TRUE,
liuhuanyong,liuhuanyong/ChineseTextualInference,2018-11-28T01:33:06Z,164,164,Python,TRUE,TRUE,
liuhuanyong,liuhuanyong/CausalityEventExtraction,2018-03-17T11:54:35Z,406,406,Python,TRUE,TRUE,
liuhuanyong,liuhuanyong/TopicCluster,2018-03-06T08:22:25Z,237,237,Python,TRUE,TRUE,
liuhuanyong,liuhuanyong/PersonRelationKnowledgeGraph,2018-11-28T08:34:17Z,895,895,Python,TRUE,TRUE,
liuhuanyong,liuhuanyong/ComplexEventExtraction,2018-10-01T13:02:22Z,1186,1186,Python,TRUE,TRUE,
liuhuanyong,liuhuanyong/CCL2018Summary,2018-10-24T01:25:24Z,27,27,Python,TRUE,TRUE,
liuhuanyong,liuhuanyong/MusicLyricChatbot,2018-10-15T12:35:38Z,269,269,Python,TRUE,TRUE,
liuhuanyong,liuhuanyong/ImportantEventExtractor,2018-07-09T08:19:26Z,211,211,Python,TRUE,TRUE,
liuhuanyong,liuhuanyong/PoemMining,2018-08-08T13:42:40Z,104,104,Python,TRUE,TRUE,
liuhuanyong,liuhuanyong/HyponymyExtraction,2018-08-09T16:02:56Z,164,164,Python,TRUE,TRUE,
liuhuanyong,liuhuanyong/CCKS2018Summary,2018-08-20T14:30:33Z,233,233,,TRUE,TRUE,
liuhuanyong,liuhuanyong/ChineseAntiword,2018-08-26T12:33:00Z,58,58,Python,TRUE,TRUE,
liuhuanyong,liuhuanyong/ChineseCixing,2018-08-26T08:52:10Z,63,63,Python,TRUE,TRUE,
liuhuanyong,liuhuanyong/WeiboIndexSpyder,2018-05-29T14:22:44Z,32,32,Python,TRUE,TRUE,
liuhuanyong,liuhuanyong/AliIndexSpyder,2018-05-29T13:02:48Z,21,21,Python,TRUE,TRUE,
liuhuanyong,liuhuanyong/Seq2SeqTranslation,2018-05-27T09:14:07Z,17,17,Python,TRUE,TRUE,
liuhuanyong,liuhuanyong/BaiduIndexSpyder,2018-05-26T07:35:09Z,41,41,Python,TRUE,TRUE,
liuhuanyong,liuhuanyong/Word2Vector,2018-03-22T03:23:15Z,179,179,Python,TRUE,TRUE,
liuhuanyong,liuhuanyong/SougouWordsCollector,2018-03-06T06:07:52Z,25,25,Python,TRUE,TRUE,
liuhuanyong,liuhuanyong/BaikeKnowledgeSchema,2018-03-06T09:12:41Z,32,32,Python,TRUE,TRUE,
liuhuanyong,liuhuanyong/Pinyin2Chinese,2018-04-24T07:54:30Z,84,84,Python,TRUE,TRUE,
liuhuanyong,liuhuanyong/TextFeatureExtraction,2018-04-18T13:20:01Z,50,50,Python,TRUE,TRUE,
liuhuanyong,liuhuanyong/KeyInfoExtraction,2018-04-17T14:02:02Z,53,53,Python,TRUE,TRUE,
liuhuanyong,liuhuanyong/HuanNLP,2018-04-14T06:29:39Z,50,50,Python,TRUE,TRUE,
liuhuanyong,liuhuanyong/WordCollocation,2018-04-05T08:09:23Z,29,29,Python,TRUE,TRUE,
liuhuanyong,liuhuanyong/SentimentWordExpansion,2018-04-04T13:48:23Z,85,85,Python,TRUE,TRUE,
liuhuanyong,liuhuanyong/BaikeInfoExtraction,2018-03-09T13:51:41Z,36,36,Python,TRUE,TRUE,
liuhuanyong,liuhuanyong/WordSegment,2018-03-26T14:47:56Z,95,95,Python,TRUE,TRUE,
liuhuanyong,liuhuanyong/Sentence2Vector,2018-03-24T13:49:38Z,5,5,Python,TRUE,TRUE,
liuhuanyong,liuhuanyong/SentenceSentimentClassifier,2018-03-20T05:54:53Z,139,139,Python,TRUE,TRUE,
liuhuanyong,liuhuanyong/LanguageKnowledgeGraph,2018-03-06T03:31:33Z,25,25,JavaScript,TRUE,TRUE,
liuhuanyong,liuhuanyong/LanguagePlatform,2018-03-06T06:19:07Z,29,29,JavaScript,TRUE,TRUE,
yanhaijing,yanhaijing/yanhaijing.github.io,2013-09-02T09:02:15Z,112,112,JavaScript,FALSE,FALSE,
yanhaijing,yanhaijing/jslib-base,2018-03-05T09:24:30Z,945,945,JavaScript,TRUE,TRUE,MIT License
yanhaijing,yanhaijing/imagic,2024-02-21T01:58:17Z,16,16,,TRUE,FALSE,
yanhaijing,yanhaijing/Painter,2013-05-15T05:45:02Z,229,229,HTML,TRUE,TRUE,MIT License
yanhaijing,yanhaijing/zepto.fullpage,2014-11-27T14:46:44Z,2100,2100,CSS,TRUE,TRUE,MIT License
yanhaijing,yanhaijing/template.js,2015-01-03T02:31:45Z,1319,1319,JavaScript,TRUE,TRUE,MIT License
yanhaijing,yanhaijing/rspack-vue,2023-11-29T11:31:17Z,1,1,JavaScript,TRUE,TRUE,
yanhaijing,yanhaijing/candify,2023-12-05T07:38:18Z,1,1,JavaScript,TRUE,TRUE,MIT License
yanhaijing,yanhaijing/rspack-cra,2023-10-10T02:35:41Z,10,10,JavaScript,TRUE,TRUE,
yanhaijing,yanhaijing/tslib,2023-09-19T15:59:41Z,0,0,JavaScript,TRUE,TRUE,
yanhaijing,yanhaijing/jslib,2023-09-19T15:59:26Z,0,0,JavaScript,TRUE,TRUE,
yanhaijing,yanhaijing/awesome-rspack,2023-11-15T12:16:05Z,0,0,,TRUE,TRUE,MIT License
yanhaijing,yanhaijing/vssue,2023-07-27T03:51:17Z,0,0,TypeScript,TRUE,FALSE,MIT License
yanhaijing,yanhaijing/rspack,2023-10-20T07:14:06Z,0,0,,TRUE,FALSE,MIT License
yanhaijing,yanhaijing/rspack-website,2023-10-11T09:41:43Z,0,0,,TRUE,TRUE,
yanhaijing,yanhaijing/eslint-rspack-plugin,2023-10-18T07:30:33Z,0,0,,TRUE,FALSE,MIT License
yanhaijing,yanhaijing/bundler-benchmark,2023-10-08T14:02:14Z,0,0,,TRUE,TRUE,
yanhaijing,yanhaijing/yanhaijing,2020-08-07T09:13:03Z,0,0,,TRUE,FALSE,
yanhaijing,yanhaijing/gitbook-boilerplate,2017-04-20T07:42:34Z,56,56,JavaScript,TRUE,TRUE,Other
yanhaijing,yanhaijing/snake,2013-01-08T14:39:25Z,46,46,HTML,TRUE,TRUE,MIT License
yanhaijing,yanhaijing/sand.js,2017-12-15T07:32:41Z,13,13,TypeScript,TRUE,TRUE,MIT License
yanhaijing,yanhaijing/programmer-pictures,2022-12-04T14:28:30Z,0,0,,TRUE,TRUE,
yanhaijing,yanhaijing/react-base-root,2022-11-25T14:03:02Z,1,1,JavaScript,TRUE,TRUE,
yanhaijing,yanhaijing/react-ui,2022-11-20T17:00:44Z,0,0,JavaScript,TRUE,TRUE,
yanhaijing,yanhaijing/spring,2015-09-12T14:02:35Z,3,3,JavaScript,TRUE,TRUE,Other
yanhaijing,yanhaijing/lodjs,2015-01-17T13:28:13Z,290,290,JavaScript,TRUE,TRUE,MIT License
yanhaijing,yanhaijing/postcss-custom-unit,2019-03-11T07:14:31Z,14,14,JavaScript,TRUE,TRUE,MIT License
yanhaijing,yanhaijing/mywallet,2016-05-25T05:11:23Z,18,18,HTML,TRUE,TRUE,MIT License
yanhaijing,yanhaijing/huaqi-angular,2022-05-16T03:18:59Z,0,0,TypeScript,TRUE,TRUE,
yanhaijing,yanhaijing/huaqi-base,2022-05-16T03:14:18Z,1,1,HTML,TRUE,TRUE,
yanhaijing,yanhaijing/angular2react,2021-07-27T14:48:16Z,1,1,TypeScript,TRUE,TRUE,
yanhaijing,yanhaijing/data.js,2014-10-17T04:23:00Z,380,380,JavaScript,TRUE,TRUE,MIT License
yanhaijing,yanhaijing/template-atom,2020-08-17T09:08:06Z,0,0,CoffeeScript,TRUE,TRUE,MIT License
yanhaijing,yanhaijing/template-vscode,2020-08-09T12:02:03Z,0,0,,TRUE,TRUE,MIT License
yanhaijing,yanhaijing/template-sublime,2020-08-11T15:53:40Z,0,0,,TRUE,TRUE,MIT License
yanhaijing,yanhaijing/vertical-center,2018-01-16T11:20:32Z,443,443,HTML,TRUE,TRUE,
yanhaijing,yanhaijing/fis3-base,2015-12-20T09:01:32Z,173,173,JavaScript,TRUE,TRUE,MIT License
yanhaijing,yanhaijing/rollup-plugin-templatejs,2019-10-15T14:46:22Z,0,0,JavaScript,TRUE,TRUE,MIT License
yanhaijing,yanhaijing/mysublime3,2016-06-30T16:06:07Z,4,4,,TRUE,TRUE,MIT License
yanhaijing,yanhaijing/postcss-plugins,2019-03-12T06:14:34Z,0,0,JavaScript,TRUE,TRUE,MIT License
yanhaijing,yanhaijing/cdkit,2018-06-20T07:51:26Z,3,3,JavaScript,TRUE,TRUE,MIT License
yanhaijing,yanhaijing/postcss-base,2018-07-04T09:32:34Z,1,1,CSS,TRUE,TRUE,
yanhaijing,yanhaijing/console.js,2013-11-18T05:28:25Z,75,75,JavaScript,TRUE,TRUE,MIT License
yanhaijing,yanhaijing/fis-parser-template,2015-03-06T06:50:57Z,12,12,JavaScript,TRUE,TRUE,MIT License
yanhaijing,yanhaijing/template-loader,2017-07-26T12:54:01Z,7,7,JavaScript,TRUE,TRUE,MIT License
yanhaijing,yanhaijing/JSPI,2018-05-28T11:11:15Z,0,0,JavaScript,TRUE,TRUE,
yanhaijing,yanhaijing/switch-env,2018-05-22T05:15:26Z,8,8,JavaScript,TRUE,TRUE,
yanhaijing,yanhaijing/inverter,2014-07-24T11:26:36Z,52,52,JavaScript,TRUE,TRUE,MIT License
yanhaijing,yanhaijing/allorigin,2015-12-27T14:23:38Z,23,23,CSS,TRUE,TRUE,MIT License
yanhaijing,yanhaijing/basejs,2014-05-19T08:44:12Z,11,11,CSS,TRUE,TRUE,
yanhaijing,yanhaijing/loveTimeline,2014-03-06T07:34:37Z,62,62,JavaScript,TRUE,TRUE,MIT License
yanhaijing,yanhaijing/radixConvert,2014-12-23T06:42:10Z,9,9,JavaScript,TRUE,TRUE,MIT License
yanhaijing,yanhaijing/color,2016-04-12T02:55:45Z,39,39,JavaScript,TRUE,TRUE,MIT License
yanhaijing,yanhaijing/es5,2013-12-20T02:09:09Z,70,70,HTML,TRUE,TRUE,
yanhaijing,yanhaijing/fan1xia,2013-01-06T08:20:44Z,15,15,HTML,TRUE,TRUE,MIT License
yanhaijing,yanhaijing/linklink,2013-01-08T14:21:48Z,37,37,JavaScript,TRUE,TRUE,MIT License
yanhaijing,yanhaijing/coupling,2016-08-31T14:43:02Z,14,14,HTML,TRUE,TRUE,
yanhaijing,yanhaijing/myProject,2013-11-22T09:22:39Z,2,2,HTML,TRUE,TRUE,
yanhaijing,yanhaijing/rem,2017-10-24T09:13:59Z,5,5,HTML,TRUE,TRUE,
yanhaijing,yanhaijing/async-demo,2017-06-19T09:30:09Z,9,9,JavaScript,TRUE,TRUE,
yanhaijing,yanhaijing/webtest,2017-01-20T07:05:12Z,0,0,HTML,TRUE,TRUE,
yanhaijing,yanhaijing/emcalc,2017-10-18T03:58:29Z,1,1,JavaScript,TRUE,TRUE,
yanhaijing,yanhaijing/awesome-windows,2016-07-21T09:31:59Z,9,9,,TRUE,TRUE,MIT License
yanhaijing,yanhaijing/resume-latex,2017-04-27T13:55:13Z,1,1,TeX,TRUE,TRUE,MIT License
yanhaijing,yanhaijing/react-contenteditable,2017-03-21T12:20:05Z,0,0,,TRUE,TRUE,Apache License 2.0
yanhaijing,yanhaijing/fis-base,2017-01-21T02:24:09Z,0,0,JavaScript,TRUE,TRUE,
yanhaijing,yanhaijing/resume,2017-03-24T16:14:49Z,0,0,HTML,TRUE,TRUE,
yanhaijing,yanhaijing/ajax-test,2016-10-28T09:36:49Z,0,0,JavaScript,TRUE,TRUE,
yanhaijing,yanhaijing/webp,2016-10-26T09:14:01Z,1,1,,TRUE,TRUE,
yanhaijing,yanhaijing/smarty-base,2016-09-27T12:51:34Z,0,0,PHP,TRUE,TRUE,MIT License
yanhaijing,yanhaijing/mysublime,2015-09-22T14:55:03Z,1,1,JavaScript,TRUE,TRUE,
yanhaijing,yanhaijing/video-demo,2016-03-09T07:01:26Z,14,14,HTML,TRUE,TRUE,MIT License
yanhaijing,yanhaijing/grunt-cssformat,2014-05-28T02:24:10Z,4,4,JavaScript,TRUE,TRUE,MIT License
yanhaijing,yanhaijing/webpack-base,2015-12-27T14:08:16Z,0,0,JavaScript,TRUE,TRUE,
yanhaijing,yanhaijing/gulp-base,2015-12-26T14:49:46Z,0,0,JavaScript,TRUE,TRUE,MIT License
yanhaijing,yanhaijing/dom.js,2015-03-25T07:06:18Z,12,12,JavaScript,TRUE,TRUE,
yanhaijing,yanhaijing/zepto.carousel,2014-03-04T01:55:46Z,9,9,JavaScript,TRUE,TRUE,MIT License
yanhaijing,yanhaijing/zepto.slider,2014-03-12T02:37:26Z,21,21,JavaScript,TRUE,TRUE,MIT License
yanhaijing,yanhaijing/zepto.tab,2014-02-25T11:18:17Z,12,12,JavaScript,TRUE,TRUE,MIT License
yanhaijing,yanhaijing/mygrunt,2014-07-16T08:53:14Z,12,12,JavaScript,TRUE,TRUE,
yanhaijing,yanhaijing/snake-app,2014-02-25T14:40:23Z,1,1,,TRUE,TRUE,
yanhaijing,yanhaijing/PainterForQopen,2013-05-21T04:14:54Z,0,0,JavaScript,TRUE,TRUE,MIT License
yanhaijing,yanhaijing/ppt,2013-01-15T13:39:53Z,2,2,JavaScript,TRUE,TRUE,
yanhaijing,yanhaijing/YanADKAP,2013-04-12T14:46:37Z,1,1,Assembly,TRUE,TRUE,
yanhaijing,yanhaijing/yanAVM,2013-04-12T14:25:12Z,0,0,CSS,TRUE,TRUE,
yanhaijing,yanhaijing/yanDeleteTool,2013-04-12T14:43:04Z,0,0,Shell,TRUE,TRUE,
yanhaijing,yanhaijing/yanYears,2013-04-12T14:41:25Z,0,0,Shell,TRUE,TRUE,
yanhaijing,yanhaijing/yanNumSearch,2013-04-12T14:35:10Z,0,0,CSS,TRUE,TRUE,
yanhaijing,yanhaijing/YanOracle11gManger,2013-04-12T14:30:50Z,0,0,CSS,TRUE,TRUE,
yanhaijing,yanhaijing/phoneManager,2013-01-15T14:28:03Z,2,2,C++,TRUE,TRUE,
yanhaijing,yanhaijing/LuLanguageCompiler,2013-01-15T14:30:46Z,6,6,C++,TRUE,TRUE,
yanhaijing,yanhaijing/ManRevier,2013-01-27T10:51:18Z,0,0,C++,TRUE,TRUE,
yanhaijing,yanhaijing/xpowery,2013-01-27T11:06:54Z,0,0,C,TRUE,TRUE,
yanhaijing,yanhaijing/player,2013-01-08T14:33:30Z,1,1,JavaScript,TRUE,TRUE,
yanhaijing,yanhaijing/jquery.runScore.js,2013-01-16T08:23:36Z,0,0,JavaScript,TRUE,TRUE,MIT License
yanhaijing,yanhaijing/startUI,2013-07-17T08:49:25Z,0,0,CSS,TRUE,TRUE,
yanhaijing,yanhaijing/businessNet,2013-01-15T14:21:45Z,0,0,JavaScript,TRUE,TRUE,
yanhaijing,yanhaijing/jquery.imagesScrolling.js,2013-01-22T06:46:02Z,6,6,JavaScript,TRUE,TRUE,MIT License
yanhaijing,yanhaijing/canvaShape,2013-08-01T09:53:53Z,0,0,JavaScript,TRUE,TRUE,MIT License
yanhaijing,yanhaijing/timer,2013-01-07T13:57:33Z,1,1,JavaScript,TRUE,TRUE,MIT License
yanhaijing,yanhaijing/jquery.yan.ui,2013-01-10T07:30:09Z,0,0,JavaScript,TRUE,TRUE,MIT License
yanhaijing,yanhaijing/Sublime2pdf,2020-08-12T03:44:53Z,0,0,,TRUE,TRUE,
HcySunYang,HcySunYang/mycpp,2024-05-06T07:56:38Z,0,0,C++,TRUE,FALSE,
HcySunYang,HcySunYang/HcySunYang,2020-07-21T10:34:29Z,16,16,,TRUE,TRUE,
HcySunYang,HcySunYang/code-for-vue-3-book,2021-07-10T04:38:21Z,614,614,HTML,TRUE,TRUE,
HcySunYang,HcySunYang/vue-next,2021-08-15T02:53:28Z,3,3,,TRUE,FALSE,MIT License
HcySunYang,HcySunYang/template-ts,2020-07-21T06:52:34Z,4,4,JavaScript,TRUE,TRUE,
HcySunYang,HcySunYang/vue3-figma-plugin-starter,2020-07-07T11:05:18Z,113,113,JavaScript,TRUE,TRUE,
HcySunYang,HcySunYang/scroll-flip-page,2017-12-12T13:27:47Z,96,96,Vue,TRUE,TRUE,
HcySunYang,HcySunYang/vue-design,2017-08-21T14:12:02Z,6005,6005,JavaScript,TRUE,TRUE,
HcySunYang,HcySunYang/leetcode-in-rust,2022-03-11T15:58:59Z,7,7,Rust,TRUE,TRUE,
HcySunYang,HcySunYang/knowledge,2017-05-20T00:15:58Z,365,365,,TRUE,TRUE,MIT License
HcySunYang,HcySunYang/hcysunyang.github.io,2015-09-08T02:51:02Z,12,12,HTML,TRUE,TRUE,
HcySunYang,HcySunYang/docs,2022-01-04T09:44:00Z,1,1,,TRUE,TRUE,MIT License
HcySunYang,HcySunYang/postcss-rs,2021-12-23T08:22:22Z,1,1,,TRUE,FALSE,MIT License
HcySunYang,HcySunYang/rfcs,2021-03-16T02:37:45Z,4,4,,TRUE,FALSE,
HcySunYang,HcySunYang/vue-loader,2020-08-31T12:56:07Z,2,2,,TRUE,FALSE,MIT License
HcySunYang,HcySunYang/vite,2020-08-26T06:18:27Z,2,2,,TRUE,TRUE,MIT License
HcySunYang,HcySunYang/vue3-ssr-test,2021-01-27T08:55:11Z,3,3,JavaScript,TRUE,TRUE,
HcySunYang,HcySunYang/homepage,2019-01-08T11:57:54Z,3,3,HTML,TRUE,TRUE,
HcySunYang,HcySunYang/excelize,2018-11-02T14:40:16Z,3,3,Go,TRUE,TRUE,Other
HcySunYang,HcySunYang/component-compiler-utils,2020-08-31T13:05:43Z,2,2,,TRUE,TRUE,
HcySunYang,HcySunYang/vue-router-next,2020-08-26T11:35:23Z,2,2,,TRUE,TRUE,MIT License
HcySunYang,HcySunYang/vue-next-jsx,2020-06-29T03:21:06Z,88,88,TypeScript,TRUE,TRUE,
HcySunYang,HcySunYang/vue-codemod,2020-08-25T03:52:10Z,2,2,,TRUE,TRUE,MIT License
HcySunYang,HcySunYang/xgplayer,2020-05-13T07:38:47Z,2,2,,TRUE,TRUE,MIT License
HcySunYang,HcySunYang/ream-1,2020-04-28T11:26:51Z,2,2,,TRUE,FALSE,MIT License
HcySunYang,HcySunYang/awesome-vue,2017-12-05T13:18:13Z,5,5,,TRUE,FALSE,
HcySunYang,HcySunYang/vue-function-api,2019-07-07T05:03:45Z,2,2,JavaScript,TRUE,TRUE,
HcySunYang,HcySunYang/awesome-vue-composition-api,2019-10-31T13:27:29Z,2,2,,TRUE,TRUE,MIT License
HcySunYang,HcySunYang/vue-template-compiler-playground,2018-08-03T11:47:03Z,62,62,Vue,TRUE,TRUE,
HcySunYang,HcySunYang/sao-hcy-nm,2019-01-01T08:18:47Z,22,22,JavaScript,TRUE,TRUE,MIT License
HcySunYang,HcySunYang/vue,2017-10-13T07:13:07Z,2,2,JavaScript,TRUE,FALSE,MIT License
HcySunYang,HcySunYang/finger-mover,2017-05-10T13:49:07Z,335,335,JavaScript,TRUE,TRUE,
HcySunYang,HcySunYang/finger-mover-docs,2017-05-08T06:45:38Z,4,4,JavaScript,TRUE,TRUE,
HcySunYang,HcySunYang/vuepress,2018-04-14T10:34:58Z,2,2,JavaScript,TRUE,TRUE,MIT License
HcySunYang,HcySunYang/vue-any,2018-04-10T03:11:42Z,0,0,,TRUE,TRUE,
HcySunYang,HcySunYang/whistle,2018-04-07T14:02:55Z,0,0,JavaScript,TRUE,TRUE,MIT License
HcySunYang,HcySunYang/markdown-it,2018-04-02T13:23:50Z,0,0,JavaScript,TRUE,TRUE,MIT License
HcySunYang,HcySunYang/prop-types,2018-03-26T08:58:57Z,0,0,JavaScript,TRUE,TRUE,MIT License
HcySunYang,HcySunYang/webpack,2018-03-23T06:44:45Z,0,0,JavaScript,TRUE,TRUE,MIT License
HcySunYang,HcySunYang/vue-content-loader,2018-03-24T13:04:40Z,2,2,JavaScript,TRUE,TRUE,
HcySunYang,HcySunYang/vue-konva,2018-03-27T11:56:36Z,0,0,JavaScript,TRUE,TRUE,MIT License
HcySunYang,HcySunYang/didact,2018-03-08T10:37:58Z,0,0,JavaScript,TRUE,TRUE,MIT License
HcySunYang,HcySunYang/faker.js,2018-03-10T02:36:22Z,0,0,JavaScript,TRUE,TRUE,Other
HcySunYang,HcySunYang/prompts,2018-03-01T13:16:33Z,0,0,JavaScript,TRUE,TRUE,MIT License
HcySunYang,HcySunYang/log-horizon,2018-03-01T02:23:30Z,0,0,JavaScript,TRUE,FALSE,MIT License
HcySunYang,HcySunYang/vue-apollo,2018-03-05T07:12:30Z,0,0,JavaScript,TRUE,FALSE,
HcySunYang,HcySunYang/vmark,2018-02-20T00:59:16Z,0,0,JavaScript,TRUE,TRUE,MIT License
HcySunYang,HcySunYang/tech-interview-handbook,2018-02-16T13:04:20Z,0,0,JavaScript,TRUE,TRUE,MIT License
HcySunYang,HcySunYang/snarkdown,2018-02-14T10:26:44Z,0,0,JavaScript,TRUE,TRUE,MIT License
HcySunYang,HcySunYang/front-end-interview-handbook,2018-02-12T02:48:48Z,2,2,JavaScript,TRUE,TRUE,MIT License
HcySunYang,HcySunYang/modern-normalize,2018-02-09T14:15:36Z,0,0,CSS,TRUE,FALSE,MIT License
HcySunYang,HcySunYang/carbon,2018-02-08T14:32:45Z,0,0,JavaScript,TRUE,TRUE,MIT License
HcySunYang,HcySunYang/vue-test-utils,2018-02-07T07:30:10Z,0,0,JavaScript,TRUE,TRUE,MIT License
HcySunYang,HcySunYang/vue-jest,2018-02-07T07:31:26Z,0,0,JavaScript,TRUE,TRUE,MIT License
HcySunYang,HcySunYang/vue-perf-devtool,2018-02-04T10:51:56Z,0,0,JavaScript,TRUE,TRUE,
HcySunYang,HcySunYang/node-http-proxy,2018-02-12T00:52:27Z,0,0,JavaScript,TRUE,FALSE,Other
HcySunYang,HcySunYang/project-guidelines,2018-01-29T12:39:14Z,0,0,JavaScript,TRUE,TRUE,MIT License
HcySunYang,HcySunYang/vue-template-explorer,2018-01-29T12:46:39Z,0,0,Vue,TRUE,TRUE,
HcySunYang,HcySunYang/Docusaurus,2018-01-26T05:46:21Z,0,0,JavaScript,TRUE,FALSE,MIT License
HcySunYang,HcySunYang/tiny-compiler,2018-01-23T07:56:44Z,1,1,JavaScript,TRUE,TRUE,
HcySunYang,HcySunYang/nodebestpractices,2018-01-20T15:18:52Z,0,0,,TRUE,FALSE,Creative Commons Attribution Share Alike 4.0 International
HcySunYang,HcySunYang/node-interview,2018-02-22T11:06:33Z,0,0,HTML,TRUE,TRUE,MIT License
HcySunYang,HcySunYang/Hover,2018-01-19T09:36:17Z,0,0,CSS,TRUE,TRUE,Other
HcySunYang,HcySunYang/puex,2018-01-18T13:04:43Z,0,0,JavaScript,TRUE,FALSE,MIT License
HcySunYang,HcySunYang/Vue.Draggable,2018-02-02T14:42:06Z,0,0,JavaScript,TRUE,TRUE,MIT License
HcySunYang,HcySunYang/debug,2018-01-17T14:31:46Z,0,0,JavaScript,TRUE,TRUE,MIT License
HcySunYang,HcySunYang/the-super-tiny-compiler,2018-03-23T02:19:44Z,0,0,JavaScript,TRUE,TRUE,Creative Commons Attribution 4.0 International
HcySunYang,HcySunYang/vue-color,2018-01-17T11:24:13Z,0,0,Vue,TRUE,TRUE,MIT License
HcySunYang,HcySunYang/launch-editor,2018-01-19T04:53:57Z,0,0,JavaScript,TRUE,TRUE,MIT License
HcySunYang,HcySunYang/axios,2018-01-15T11:02:53Z,0,0,JavaScript,TRUE,TRUE,MIT License
HcySunYang,HcySunYang/react-perf-devtool,2018-01-17T04:26:16Z,0,0,JavaScript,TRUE,TRUE,
HcySunYang,HcySunYang/acorn,2018-01-15T15:10:37Z,0,0,JavaScript,TRUE,TRUE,MIT License
HcySunYang,HcySunYang/observer-dep-watch,2017-03-07T04:54:13Z,22,22,JavaScript,TRUE,TRUE,
HcySunYang,HcySunYang/polka,2018-01-12T13:51:23Z,0,0,JavaScript,TRUE,FALSE,MIT License
HcySunYang,HcySunYang/bulma,2018-01-09T12:40:52Z,0,0,CSS,TRUE,TRUE,MIT License
HcySunYang,HcySunYang/hexo-theme-sun,2017-08-07T03:06:08Z,0,0,CSS,TRUE,TRUE,
HcySunYang,HcySunYang/popmotion,2018-01-04T02:38:53Z,0,0,JavaScript,TRUE,TRUE,MIT License
HcySunYang,HcySunYang/bili,2018-01-05T11:38:35Z,0,0,JavaScript,TRUE,FALSE,MIT License
HcySunYang,HcySunYang/APlayer,2018-01-04T15:10:14Z,0,0,JavaScript,TRUE,TRUE,MIT License
HcySunYang,HcySunYang/immer,2017-12-31T14:41:03Z,0,0,JavaScript,TRUE,TRUE,MIT License
HcySunYang,HcySunYang/husky,2018-01-06T14:39:21Z,0,0,JavaScript,TRUE,TRUE,MIT License
HcySunYang,HcySunYang/picodom,2017-12-28T01:18:28Z,0,0,JavaScript,TRUE,FALSE,MIT License
HcySunYang,HcySunYang/parcel,2017-12-15T16:43:46Z,0,0,JavaScript,TRUE,TRUE,MIT License
HcySunYang,HcySunYang/30-seconds-of-code,2017-12-13T13:22:01Z,0,0,JavaScript,TRUE,TRUE,Other
HcySunYang,HcySunYang/docup,2017-12-19T16:42:48Z,0,0,Vue,TRUE,TRUE,MIT License
HcySunYang,HcySunYang/animateplus,2017-11-28T13:19:32Z,0,0,JavaScript,TRUE,FALSE,MIT License
HcySunYang,HcySunYang/deepick,2017-11-16T08:31:00Z,2,2,JavaScript,TRUE,TRUE,
HcySunYang,HcySunYang/scrollama,2017-11-22T13:13:40Z,0,0,JavaScript,TRUE,TRUE,MIT License
HcySunYang,HcySunYang/fontfaceobserver,2018-04-27T03:50:55Z,0,0,JavaScript,TRUE,TRUE,Other
HcySunYang,HcySunYang/Front-End-Checklist,2017-11-19T11:44:28Z,0,0,JavaScript,TRUE,FALSE,Creative Commons Zero v1.0 Universal
HcySunYang,HcySunYang/babel,2017-11-15T09:14:51Z,0,0,JavaScript,TRUE,TRUE,MIT License
HcySunYang,HcySunYang/vue-resource,2017-11-16T12:56:35Z,0,0,JavaScript,TRUE,TRUE,MIT License
HcySunYang,HcySunYang/vue-devtools,2017-11-11T09:11:24Z,0,0,JavaScript,TRUE,FALSE,MIT License
HcySunYang,HcySunYang/parser,2017-11-07T11:25:38Z,0,0,JavaScript,TRUE,FALSE,MIT License
HcySunYang,HcySunYang/vue-hoc,2018-01-01T03:42:53Z,0,0,JavaScript,TRUE,TRUE,Apache License 2.0
HcySunYang,HcySunYang/vuex,2017-10-20T08:46:06Z,0,0,JavaScript,TRUE,FALSE,MIT License
HcySunYang,HcySunYang/vue-router,2017-10-20T07:37:55Z,0,0,JavaScript,TRUE,FALSE,MIT License
HcySunYang,HcySunYang/vue-cli,2017-10-26T03:13:11Z,0,0,JavaScript,TRUE,TRUE,MIT License
HcySunYang,HcySunYang/ream,2017-11-23T14:25:07Z,0,0,JavaScript,TRUE,TRUE,MIT License
HcySunYang,HcySunYang/cn.vuejs.org,2017-09-29T08:07:54Z,0,0,JavaScript,TRUE,FALSE,MIT License
HcySunYang,HcySunYang/redux,2017-08-14T06:00:59Z,0,0,JavaScript,TRUE,FALSE,MIT License
HcySunYang,HcySunYang/vue-fetch-data,2018-03-17T02:43:37Z,0,0,JavaScript,TRUE,TRUE,MIT License
HcySunYang,HcySunYang/vue-axios,2018-01-21T11:57:10Z,0,0,JavaScript,TRUE,TRUE,MIT License
HcySunYang,HcySunYang/hyperapp,2017-06-29T10:16:59Z,0,0,JavaScript,TRUE,FALSE,MIT License
HcySunYang,HcySunYang/My-blog,2017-06-02T11:51:22Z,1,1,,TRUE,TRUE,
HcySunYang,HcySunYang/fis3,2017-06-03T00:52:30Z,0,0,JavaScript,TRUE,FALSE,"BSD 2-Clause ""Simplified"" License"
HcySunYang,HcySunYang/You-Dont-Know-JS,2017-05-22T13:49:18Z,0,0,JavaScript,TRUE,TRUE,Other
HcySunYang,HcySunYang/h5_frame,2016-03-26T07:50:39Z,62,62,JavaScript,TRUE,TRUE,
HcySunYang,HcySunYang/rollup-plugin-postcss,2017-03-17T10:47:48Z,0,0,JavaScript,TRUE,TRUE,MIT License
HcySunYang,HcySunYang/vuex-webapp,2016-07-14T07:49:09Z,5,5,CSS,TRUE,TRUE,
HcySunYang,HcySunYang/jsonob,2016-04-27T09:37:05Z,50,50,JavaScript,TRUE,TRUE,
HcySunYang,HcySunYang/frontend-system-map,2016-03-16T10:46:22Z,0,0,,TRUE,TRUE,
HcySunYang,HcySunYang/modapp,2016-01-06T11:07:26Z,2,2,Smarty,TRUE,TRUE,
HcySunYang,HcySunYang/weui,2015-10-11T12:30:31Z,0,0,CSS,TRUE,TRUE,
HcySunYang,HcySunYang/hexo-theme-yilia,2015-09-10T07:02:39Z,0,0,CSS,TRUE,TRUE,
HcySunYang,HcySunYang/hexo,2015-09-07T04:01:39Z,0,0,JavaScript,TRUE,TRUE,MIT License
julycoding,julycoding/ChatGPT_principle_fine-tuning_code_paper,2023-05-17T04:21:16Z,161,161,,TRUE,FALSE,
julycoding,julycoding/BAT-ML-1000,2017-10-03T15:59:07Z,352,352,,TRUE,TRUE,
julycoding,julycoding/DeepSpeedExamples,2023-12-13T11:05:29Z,0,0,,TRUE,TRUE,Apache License 2.0
julycoding,julycoding/The-Art-Of-Programming-By-July-2nd,2013-12-14T10:00:06Z,21344,21344,C,TRUE,TRUE,
julycoding,julycoding/hector,2014-01-07T16:30:04Z,5,5,Go,TRUE,TRUE,MIT License
julycoding,julycoding/Intro2SVM,2013-12-20T12:52:12Z,16,16,TeX,TRUE,TRUE,
jindongwang,jindongwang/jindongwang.github.io,2021-12-10T02:48:32Z,70,70,JavaScript,TRUE,TRUE,MIT License
jindongwang,jindongwang/CSrankings,2018-08-03T02:54:45Z,3,3,Python,TRUE,TRUE,Other
jindongwang,jindongwang/transferlearning,2017-04-30T11:32:21Z,13417,13417,Python,TRUE,TRUE,MIT License
jindongwang,jindongwang/promptbench,2023-10-11T09:21:59Z,1,1,Python,TRUE,TRUE,MIT License
jindongwang,jindongwang/tlbook-code,2022-02-08T11:11:40Z,256,256,Python,TRUE,TRUE,Apache License 2.0
jindongwang,jindongwang/transferlearning-tutorial,2018-04-11T00:37:24Z,2490,2490,TeX,TRUE,TRUE,
jindongwang,jindongwang/Pytorch-CapsuleNet,2018-04-09T09:09:07Z,190,190,Python,TRUE,TRUE,MIT License
jindongwang,jindongwang/jindongwang,2021-07-05T12:34:34Z,6,6,,TRUE,TRUE,
jindongwang,jindongwang/awesome-trustworthy-deep-learning,2022-11-04T13:48:20Z,0,0,,TRUE,TRUE,MIT License
jindongwang,jindongwang/solo-learn,2022-09-01T12:09:09Z,0,0,,TRUE,TRUE,MIT License
jindongwang,jindongwang/Swin-Transformer,2022-04-29T06:54:58Z,0,0,,TRUE,TRUE,MIT License
jindongwang,jindongwang/ReMoS_artifact,2022-03-16T05:29:37Z,0,0,,TRUE,TRUE,MIT License
jindongwang,jindongwang/vit-pytorch,2022-01-25T10:25:18Z,0,0,,TRUE,TRUE,MIT License
jindongwang,jindongwang/Deep-learning-activity-recognition,2017-08-19T13:43:36Z,224,224,Python,TRUE,TRUE,
jindongwang,jindongwang/poster_template,2021-12-07T08:40:13Z,1,1,,TRUE,TRUE,
jindongwang,jindongwang/awesome-contrastive-self-supervised-learning,2021-07-26T05:46:41Z,3,3,,TRUE,TRUE,
jindongwang,jindongwang/learning_to_match,2020-09-30T16:35:36Z,3,3,Jupyter Notebook,TRUE,TRUE,MIT License
jindongwang,jindongwang/woxplugin,2016-03-17T07:14:45Z,0,0,Python,TRUE,TRUE,
jindongwang,jindongwang/EasyEspnet,2021-04-09T02:52:38Z,52,52,Python,TRUE,TRUE,Apache License 2.0
jindongwang,jindongwang/ActivationMapVisualization,2021-04-03T08:40:14Z,7,7,Jupyter Notebook,TRUE,TRUE,Apache License 2.0
jindongwang,jindongwang/examples,2021-03-30T11:37:33Z,0,0,,TRUE,TRUE,"BSD 3-Clause ""New"" or ""Revised"" License"
jindongwang,jindongwang/maml,2019-07-31T08:36:16Z,30,30,Python,TRUE,TRUE,
jindongwang,jindongwang/ML_Notes,2022-03-25T10:23:28Z,6,6,,TRUE,TRUE,
jindongwang,jindongwang/libriadapt,2020-12-03T03:27:18Z,0,0,,TRUE,TRUE,
jindongwang,jindongwang/DL_RL_Zoo,2020-07-07T04:36:43Z,0,0,,TRUE,TRUE,Other
jindongwang,jindongwang/GNNPapers,2020-07-10T12:25:33Z,1,1,,TRUE,TRUE,
jindongwang,jindongwang/lihang-code,2020-06-08T10:00:13Z,11,11,,TRUE,TRUE,
jindongwang,jindongwang/d2l-zh,2019-12-06T10:20:55Z,5,5,,TRUE,FALSE,Apache License 2.0
jindongwang,jindongwang/reinforcement-learning-an-introduction,2019-10-22T08:44:23Z,5,5,,TRUE,TRUE,MIT License
jindongwang,jindongwang/awesome-bert-nlp,2019-09-02T11:06:31Z,0,0,,TRUE,FALSE,MIT License
jindongwang,jindongwang/SDG4DA,2019-10-09T01:26:30Z,0,0,,TRUE,TRUE,
jindongwang,jindongwang/activityrecognition,2016-09-08T02:43:21Z,918,918,MATLAB,TRUE,TRUE,
jindongwang,jindongwang/nlp-tutorial,2019-08-28T06:23:58Z,3,3,Jupyter Notebook,TRUE,TRUE,MIT License
jindongwang,jindongwang/PyTorchZeroToAll,2019-08-30T07:32:00Z,1,1,Python,TRUE,TRUE,
jindongwang,jindongwang/Feature_Critic,2020-08-14T11:37:12Z,0,0,,TRUE,TRUE,
jindongwang,jindongwang/kaggle-bikesharing,2019-01-08T06:08:17Z,6,6,Python,TRUE,TRUE,
jindongwang,jindongwang/tf-dann,2017-11-07T06:56:27Z,37,37,Jupyter Notebook,TRUE,TRUE,
jindongwang,jindongwang/MachineLearning,2015-08-16T13:01:08Z,1985,1985,,TRUE,TRUE,
jindongwang,jindongwang/salad,2018-10-10T01:36:29Z,2,2,HTML,TRUE,TRUE,Mozilla Public License 2.0
jindongwang,jindongwang/awesome-leetcode,2018-09-18T11:33:56Z,33,33,Python,TRUE,TRUE,GNU General Public License v3.0
jindongwang,jindongwang/Attention-PyTorch,2019-08-28T06:31:54Z,6,6,Python,TRUE,TRUE,Apache License 2.0
jindongwang,jindongwang/Detectron,2018-06-14T01:33:15Z,1,1,Python,TRUE,FALSE,Apache License 2.0
jindongwang,jindongwang/deeplearning_ai_books,2018-04-29T04:31:54Z,11,11,HTML,TRUE,TRUE,
jindongwang,jindongwang/CapsNet-Visualization,2018-04-08T06:15:33Z,2,2,Python,TRUE,TRUE,MIT License
jindongwang,jindongwang/capsule-networks,2018-03-27T12:39:22Z,3,3,Python,TRUE,TRUE,
jindongwang,jindongwang/pytorch-tutorial,2018-03-10T03:28:57Z,2,2,Python,TRUE,TRUE,MIT License
jindongwang,jindongwang/pytorch-book,2018-03-03T07:24:50Z,4,4,Jupyter Notebook,TRUE,TRUE,MIT License
jindongwang,jindongwang/pytorch-cifar,2018-03-21T11:36:51Z,2,2,Python,TRUE,TRUE,MIT License
jindongwang,jindongwang/the-incredible-pytorch,2018-03-12T15:12:22Z,0,0,,TRUE,TRUE,MIT License
jindongwang,jindongwang/CapsNet,2018-03-27T12:45:30Z,1,1,Python,TRUE,TRUE,MIT License
jindongwang,jindongwang/JDOT,2020-05-11T10:00:23Z,0,0,,TRUE,TRUE,MIT License
jindongwang,jindongwang/ucasthesis,2017-10-10T10:23:22Z,2,2,TeX,TRUE,TRUE,
jindongwang,jindongwang/ProbabilityHomework,2016-03-15T07:39:14Z,60,60,TeX,TRUE,TRUE,
jindongwang,jindongwang/DataBaseOperation,2014-01-07T12:55:40Z,5,5,C#,TRUE,TRUE,
jindongwang,jindongwang/informationretrieval,2015-06-22T08:16:20Z,16,16,Roff,TRUE,TRUE,
jindongwang,jindongwang/graph,2015-06-21T11:47:10Z,8,8,Java,TRUE,TRUE,
jindongwang,jindongwang/aqistudy,2017-02-17T06:57:46Z,47,47,Python,TRUE,TRUE,
jindongwang,jindongwang/SyntaxAnalysis,2013-12-11T06:56:38Z,2,2,C#,TRUE,TRUE,
jindongwang,jindongwang/BUAA-Recommend-Graduate-Test,2013-12-11T10:55:49Z,9,9,C++,TRUE,TRUE,
rfyiamcool,rfyiamcool/rfyiamcool,2020-07-10T02:04:42Z,18,18,,TRUE,TRUE,
rfyiamcool,rfyiamcool/egressgateway,2024-10-22T09:08:54Z,0,0,Go,TRUE,TRUE,Apache License 2.0
rfyiamcool,rfyiamcool/kitexcall,2024-10-23T07:07:48Z,0,0,Go,TRUE,TRUE,Apache License 2.0
rfyiamcool,rfyiamcool/uuid,2023-11-24T03:16:44Z,1,1,,TRUE,TRUE,"BSD 3-Clause ""New"" or ""Revised"" License"
rfyiamcool,rfyiamcool/v8go,2024-08-02T10:50:47Z,2,2,Go,TRUE,FALSE,"BSD 3-Clause ""New"" or ""Revised"" License"
rfyiamcool,rfyiamcool/hertz-requestid,2024-05-31T09:27:54Z,1,1,Go,TRUE,TRUE,Apache License 2.0
rfyiamcool,rfyiamcool/registry-consul,2024-04-25T07:09:41Z,0,0,,TRUE,TRUE,Apache License 2.0
rfyiamcool,rfyiamcool/notes,2020-12-10T02:09:21Z,1318,1318,,TRUE,TRUE,
rfyiamcool,rfyiamcool/obs-opentelemetry,2024-04-22T12:14:59Z,0,0,Go,TRUE,TRUE,Apache License 2.0
rfyiamcool,rfyiamcool/toproxy,2015-08-21T00:11:52Z,22,22,Python,TRUE,TRUE,MIT License
rfyiamcool,rfyiamcool/redka,2024-04-15T03:02:39Z,1,1,,TRUE,FALSE,"BSD 3-Clause ""New"" or ""Revised"" License"
rfyiamcool,rfyiamcool/k8s-csi-s3,2024-04-12T03:11:29Z,1,1,,TRUE,TRUE,Other
rfyiamcool,rfyiamcool/gorm-opentelemetry,2024-04-10T09:39:47Z,0,0,,TRUE,TRUE,MIT License
rfyiamcool,rfyiamcool/websocket,2023-11-21T05:19:22Z,0,0,Go,TRUE,FALSE,"BSD 3-Clause ""New"" or ""Revised"" License"
rfyiamcool,rfyiamcool/go-redis,2023-04-27T15:59:32Z,0,0,Go,TRUE,FALSE,"BSD 2-Clause ""Simplified"" License"
rfyiamcool,rfyiamcool/share_ppt,2017-08-04T09:24:08Z,5535,5535,,TRUE,TRUE,
rfyiamcool,rfyiamcool/cloudwego.github.io,2024-03-27T09:40:57Z,0,0,,TRUE,TRUE,Apache License 2.0
rfyiamcool,rfyiamcool/cuckoofilter,2024-03-24T14:22:13Z,0,0,,TRUE,TRUE,MIT License
rfyiamcool,rfyiamcool/chproxy,2024-03-14T00:08:57Z,0,0,,TRUE,TRUE,MIT License
rfyiamcool,rfyiamcool/OpenGFW,2024-03-12T10:39:16Z,0,0,,TRUE,FALSE,Mozilla Public License 2.0
rfyiamcool,rfyiamcool/gronx,2024-03-08T13:43:35Z,1,1,Go,TRUE,TRUE,MIT License
rfyiamcool,rfyiamcool/opentelemetry-go,2023-10-31T03:06:32Z,0,0,Go,TRUE,FALSE,Apache License 2.0
rfyiamcool,rfyiamcool/slug,2024-02-25T02:41:19Z,0,0,,TRUE,TRUE,Mozilla Public License 2.0
rfyiamcool,rfyiamcool/open-im-server,2023-10-11T04:11:18Z,1,1,Go,TRUE,TRUE,Apache License 2.0
rfyiamcool,rfyiamcool/aws-node-termination-handler,2024-01-18T05:58:48Z,0,0,,TRUE,FALSE,Apache License 2.0
rfyiamcool,rfyiamcool/gocron-gorm-lock,2023-11-14T06:11:59Z,0,0,Go,TRUE,TRUE,MIT License
rfyiamcool,rfyiamcool/quic-go,2023-12-05T06:15:11Z,1,1,,TRUE,TRUE,MIT License
rfyiamcool,rfyiamcool/skywalking-go,2023-11-29T03:28:15Z,0,0,,TRUE,FALSE,Apache License 2.0
rfyiamcool,rfyiamcool/shortuuid,2023-11-24T02:59:22Z,1,1,,TRUE,FALSE,MIT License
rfyiamcool,rfyiamcool/pgcacher,2023-03-13T03:38:32Z,161,161,Go,TRUE,TRUE,MIT License
rfyiamcool,rfyiamcool/fork-tasks,2023-11-08T10:23:32Z,0,0,,TRUE,FALSE,MIT License
rfyiamcool,rfyiamcool/iouring-go,2023-11-20T09:52:30Z,0,0,,TRUE,TRUE,MIT License
rfyiamcool,rfyiamcool/open-im-sdk-web,2023-11-07T05:31:36Z,0,0,TypeScript,TRUE,TRUE,Apache License 2.0
rfyiamcool,rfyiamcool/pie,2023-11-02T03:56:12Z,0,0,,TRUE,TRUE,MIT License
rfyiamcool,rfyiamcool/redsync,2023-09-04T09:12:20Z,0,0,Go,TRUE,TRUE,"BSD 3-Clause ""New"" or ""Revised"" License"
rfyiamcool,rfyiamcool/jaeger,2023-10-30T03:06:54Z,0,0,,TRUE,FALSE,Apache License 2.0
rfyiamcool,rfyiamcool/jaeger-clickhouse,2023-10-25T14:32:22Z,0,0,,TRUE,FALSE,Apache License 2.0
rfyiamcool,rfyiamcool/ccache,2023-10-20T02:26:15Z,0,0,Go,TRUE,TRUE,MIT License
rfyiamcool,rfyiamcool/pulsar-client-go,2023-10-12T03:46:26Z,0,0,Go,TRUE,TRUE,Apache License 2.0
rfyiamcool,rfyiamcool/WuKongIM,2023-10-11T03:49:05Z,2,2,,TRUE,TRUE,Apache License 2.0
rfyiamcool,rfyiamcool/gin-zap,2023-10-09T15:38:04Z,1,1,,TRUE,TRUE,MIT License
rfyiamcool,rfyiamcool/gin-logger,2023-10-09T06:52:17Z,0,0,,TRUE,TRUE,MIT License
rfyiamcool,rfyiamcool/gin-cache,2023-10-08T10:55:46Z,0,0,,TRUE,TRUE,MIT License
rfyiamcool,rfyiamcool/bytedance-gopkg,2023-10-08T05:22:54Z,0,0,,TRUE,TRUE,Apache License 2.0
rfyiamcool,rfyiamcool/olric,2023-10-07T02:40:57Z,3,3,,TRUE,TRUE,Apache License 2.0
rfyiamcool,rfyiamcool/clickhouse-go,2023-08-17T13:09:26Z,0,0,Go,TRUE,FALSE,Apache License 2.0
rfyiamcool,rfyiamcool/faker,2023-09-19T01:59:34Z,0,0,Go,TRUE,TRUE,MIT License
rfyiamcool,rfyiamcool/parquet-go-source,2023-09-18T02:38:27Z,0,0,Go,TRUE,TRUE,Apache License 2.0
rfyiamcool,rfyiamcool/env,2023-09-13T07:55:41Z,0,0,,TRUE,FALSE,MIT License
rfyiamcool,rfyiamcool/starcharts,2023-09-13T06:03:48Z,0,0,,TRUE,TRUE,
rfyiamcool,rfyiamcool/gocron-redis-lock,2023-05-13T06:26:28Z,0,0,Go,TRUE,FALSE,MIT License
rfyiamcool,rfyiamcool/gocron,2023-05-06T03:57:53Z,0,0,Go,TRUE,FALSE,MIT License
rfyiamcool,rfyiamcool/mping,2023-09-04T03:28:40Z,0,0,Go,TRUE,FALSE,Apache License 2.0
rfyiamcool,rfyiamcool/gostl,2023-08-31T15:56:32Z,1,1,,TRUE,TRUE,MIT License
rfyiamcool,rfyiamcool/fluent-bit-go,2023-08-31T15:00:26Z,0,0,,TRUE,TRUE,Apache License 2.0
rfyiamcool,rfyiamcool/trie,2023-08-30T02:08:48Z,1,1,,TRUE,TRUE,MIT License
rfyiamcool,rfyiamcool/concurrent-swiss-map,2023-08-15T15:04:50Z,0,0,Go,TRUE,FALSE,MIT License
rfyiamcool,rfyiamcool/jsonschema-go,2023-08-29T02:54:17Z,1,1,,TRUE,TRUE,MIT License
rfyiamcool,rfyiamcool/vtun,2023-08-25T02:20:35Z,2,2,Go,TRUE,TRUE,MIT License
rfyiamcool,rfyiamcool/gofound,2023-08-23T15:16:06Z,0,0,,TRUE,TRUE,Apache License 2.0
rfyiamcool,rfyiamcool/go-syslog,2023-08-21T14:37:45Z,0,0,,TRUE,TRUE,MIT License
rfyiamcool,rfyiamcool/diskhash,2023-08-14T02:23:36Z,0,0,Go,TRUE,FALSE,Apache License 2.0
rfyiamcool,rfyiamcool/go-quartz,2023-08-08T14:24:23Z,1,1,Go,TRUE,TRUE,MIT License
rfyiamcool,rfyiamcool/dskit,2023-08-10T11:01:23Z,0,0,,TRUE,TRUE,Apache License 2.0
rfyiamcool,rfyiamcool/async,2023-08-08T07:47:02Z,1,1,,TRUE,TRUE,MIT License
rfyiamcool,rfyiamcool/volcano,2023-06-20T08:09:26Z,0,0,Go,TRUE,TRUE,Apache License 2.0
rfyiamcool,rfyiamcool/pogreb,2023-08-04T06:20:02Z,0,0,Go,TRUE,TRUE,Apache License 2.0
rfyiamcool,rfyiamcool/rosedb,2023-04-13T15:36:12Z,0,0,Go,TRUE,TRUE,Apache License 2.0
rfyiamcool,rfyiamcool/go-timewheel,2019-09-24T09:12:06Z,292,292,Go,TRUE,TRUE,
rfyiamcool,rfyiamcool/goev,2023-07-17T06:41:36Z,0,0,Go,TRUE,TRUE,MIT License
rfyiamcool,rfyiamcool/kvstore-bench,2023-07-24T10:40:09Z,0,0,Go,TRUE,TRUE,Apache License 2.0
rfyiamcool,rfyiamcool/swiss,2023-07-17T03:54:00Z,0,0,,TRUE,TRUE,Apache License 2.0
rfyiamcool,rfyiamcool/wsbench-for-lxzan,2023-07-16T13:35:55Z,0,0,,TRUE,TRUE,MIT License
rfyiamcool,rfyiamcool/IceFireDB,2023-07-10T06:12:20Z,0,0,Go,TRUE,TRUE,MIT License
rfyiamcool,rfyiamcool/requestid,2023-07-01T14:06:39Z,0,0,Go,TRUE,TRUE,MIT License
rfyiamcool,rfyiamcool/golang-lru,2023-06-22T13:51:32Z,1,1,,TRUE,TRUE,Mozilla Public License 2.0
rfyiamcool,rfyiamcool/apis,2023-06-20T08:26:50Z,0,0,,TRUE,TRUE,Apache License 2.0
rfyiamcool,rfyiamcool/nbio,2023-05-15T06:08:55Z,0,0,Go,TRUE,TRUE,MIT License
rfyiamcool,rfyiamcool/conference,2023-06-12T06:25:53Z,0,0,,TRUE,TRUE,
rfyiamcool,rfyiamcool/kvrocks-operator,2023-06-04T04:25:38Z,0,0,,TRUE,TRUE,Apache License 2.0
rfyiamcool,rfyiamcool/snowflake,2023-06-07T02:09:58Z,0,0,,TRUE,TRUE,"BSD 2-Clause ""Simplified"" License"
rfyiamcool,rfyiamcool/xsync,2023-06-04T12:17:59Z,0,0,,TRUE,FALSE,MIT License
rfyiamcool,rfyiamcool/go-websocket-benchmark,2023-06-02T01:05:29Z,0,0,Go,TRUE,TRUE,
rfyiamcool,rfyiamcool/kvrocks_controller,2023-05-19T04:26:12Z,0,0,Go,TRUE,TRUE,Apache License 2.0
rfyiamcool,rfyiamcool/timeout,2023-05-24T04:55:28Z,0,0,,TRUE,TRUE,MIT License
rfyiamcool,rfyiamcool/gin-timeout,2023-05-24T02:56:18Z,0,0,,TRUE,TRUE,MIT License
rfyiamcool,rfyiamcool/junodb,2023-05-22T06:16:23Z,0,0,,TRUE,TRUE,Apache License 2.0
rfyiamcool,rfyiamcool/ristretto,2023-04-26T03:32:19Z,0,0,,TRUE,FALSE,Apache License 2.0
rfyiamcool,rfyiamcool/lockfree,2023-04-08T01:03:16Z,1,1,Go,TRUE,TRUE,Apache License 2.0
rfyiamcool,rfyiamcool/gws,2023-05-10T02:13:15Z,0,0,,TRUE,TRUE,MIT License
rfyiamcool,rfyiamcool/cachego,2023-05-07T02:19:11Z,0,0,,TRUE,TRUE,MIT License
rfyiamcool,rfyiamcool/dubbo-go-samples,2023-05-09T08:02:25Z,0,0,,TRUE,TRUE,Apache License 2.0
rfyiamcool,rfyiamcool/go-tagexpr,2023-05-06T13:13:57Z,0,0,,TRUE,TRUE,Apache License 2.0
rfyiamcool,rfyiamcool/raft-wal,2023-05-05T12:51:59Z,0,0,,TRUE,FALSE,Mozilla Public License 2.0
rfyiamcool,rfyiamcool/wal,2023-05-04T02:36:37Z,0,0,,TRUE,TRUE,Apache License 2.0
rfyiamcool,rfyiamcool/juicefs,2023-04-27T15:23:30Z,0,0,Go,TRUE,TRUE,Apache License 2.0
rfyiamcool,rfyiamcool/log,2023-05-03T08:15:42Z,0,0,,TRUE,FALSE,MIT License
rfyiamcool,rfyiamcool/xxhash,2023-04-03T02:18:56Z,0,0,Go,TRUE,TRUE,MIT License
rfyiamcool,rfyiamcool/pond,2023-04-23T14:17:35Z,0,0,,TRUE,TRUE,MIT License
rfyiamcool,rfyiamcool/go-freelru,2023-04-22T15:11:56Z,0,0,,TRUE,TRUE,Apache License 2.0
rfyiamcool,rfyiamcool/go-conntrack,2023-04-22T14:39:22Z,0,0,,TRUE,FALSE,MIT License
rfyiamcool,rfyiamcool/go-tc,2023-04-21T09:10:55Z,0,0,,TRUE,FALSE,MIT License
rfyiamcool,rfyiamcool/binlog2cache,2018-08-15T01:29:39Z,8,8,Python,TRUE,TRUE,
rfyiamcool,rfyiamcool/nutsdb,2023-04-17T15:03:15Z,0,0,,TRUE,TRUE,Apache License 2.0
rfyiamcool,rfyiamcool/golang_example,2017-06-24T03:36:54Z,12,12,Go,TRUE,TRUE,
rfyiamcool,rfyiamcool/minidb,2023-04-16T12:58:44Z,0,0,,TRUE,TRUE,
rfyiamcool,rfyiamcool/grogudb,2023-04-12T23:27:57Z,0,0,,TRUE,FALSE,Apache License 2.0
rfyiamcool,rfyiamcool/defaults,2023-04-12T14:44:54Z,0,0,,TRUE,FALSE,MIT License
rfyiamcool,rfyiamcool/shmipc-go,2023-04-10T14:08:34Z,0,0,Go,TRUE,FALSE,Apache License 2.0
rfyiamcool,rfyiamcool/go-memdb,2023-04-10T13:00:00Z,0,0,,TRUE,TRUE,Mozilla Public License 2.0
rfyiamcool,rfyiamcool/Mac-list,2023-04-09T05:26:00Z,2,2,,TRUE,TRUE,
rfyiamcool,rfyiamcool/badger,2023-02-11T14:19:23Z,1,1,Go,TRUE,FALSE,Apache License 2.0
rfyiamcool,rfyiamcool/gomtr,2020-09-05T18:50:24Z,20,20,Go,TRUE,TRUE,
rfyiamcool,rfyiamcool/grpcall,2019-02-19T10:23:08Z,146,146,Go,TRUE,TRUE,
rfyiamcool,rfyiamcool/go-mmap,2023-03-11T13:18:19Z,7,7,Go,TRUE,FALSE,
rfyiamcool,rfyiamcool/raft-badger,2023-02-10T09:49:44Z,49,49,Go,TRUE,TRUE,MIT License
rfyiamcool,rfyiamcool/gpool,2018-12-13T07:38:00Z,51,51,Go,TRUE,TRUE,
rfyiamcool,rfyiamcool/go-metrics,2022-10-13T12:04:44Z,2,2,Go,TRUE,TRUE,
rfyiamcool,rfyiamcool/go-bigqueue,2022-09-29T14:35:45Z,21,21,Go,TRUE,TRUE,MIT License
rfyiamcool,rfyiamcool/go-netflow,2021-10-13T08:30:30Z,337,337,Go,TRUE,TRUE,
rfyiamcool,rfyiamcool/go-slidingwindow,2022-07-08T03:00:56Z,4,4,Go,TRUE,TRUE,
rfyiamcool,rfyiamcool/go-fusehook,2022-03-13T16:00:16Z,6,6,Go,TRUE,TRUE,MIT License
rfyiamcool,rfyiamcool/benchmark_lock_performance,2019-06-14T08:37:13Z,6,6,Go,TRUE,TRUE,
rfyiamcool,rfyiamcool/go-infector,2022-02-24T04:56:27Z,14,14,Go,TRUE,TRUE,MIT License
rfyiamcool,rfyiamcool/cronlib,2018-12-27T02:24:06Z,169,169,Go,TRUE,TRUE,
rfyiamcool,rfyiamcool/go-tracer,2022-02-05T15:50:43Z,39,39,Go,TRUE,TRUE,MIT License
rfyiamcool,rfyiamcool/golang_logo,2018-03-22T02:13:10Z,95,95,,TRUE,TRUE,
rfyiamcool,rfyiamcool/grpc-client-pool,2019-07-30T03:14:38Z,76,76,Go,TRUE,TRUE,
rfyiamcool,rfyiamcool/grpcx,2020-06-24T23:00:02Z,13,13,Go,TRUE,TRUE,
rfyiamcool,rfyiamcool/golib,2018-12-11T02:10:42Z,45,45,Go,TRUE,TRUE,
rfyiamcool,rfyiamcool/backoff,2019-04-12T00:33:25Z,36,36,Go,TRUE,TRUE,
rfyiamcool,rfyiamcool/go-shell,2020-06-29T08:24:34Z,81,81,Go,TRUE,TRUE,
rfyiamcool,rfyiamcool/grpc-example,2019-07-27T05:25:00Z,15,15,Go,TRUE,TRUE,
rfyiamcool,rfyiamcool/go-pipeline,2021-07-29T09:47:49Z,3,3,Go,TRUE,TRUE,
rfyiamcool,rfyiamcool/ccmap,2019-09-04T14:53:50Z,11,11,Go,TRUE,TRUE,
rfyiamcool,rfyiamcool/circletimer,2021-06-10T05:59:47Z,7,7,Go,TRUE,TRUE,
rfyiamcool,rfyiamcool/timingwheel,2021-02-26T08:46:45Z,5,5,Go,TRUE,TRUE,
rfyiamcool,rfyiamcool/gev,2021-02-26T02:12:25Z,1,1,Go,TRUE,TRUE,MIT License
rfyiamcool,rfyiamcool/go-gearman,2021-04-15T07:12:57Z,16,16,Go,TRUE,TRUE,
rfyiamcool,rfyiamcool/go-snowflake,2021-04-02T10:07:58Z,3,3,Go,TRUE,TRUE,
rfyiamcool,rfyiamcool/fileman,2020-12-18T10:23:41Z,7,7,Go,TRUE,TRUE,
rfyiamcool,rfyiamcool/k8scache,2020-11-25T09:26:00Z,13,13,Go,TRUE,TRUE,MIT License
rfyiamcool,rfyiamcool/go-retry,2020-11-12T02:20:05Z,11,11,Go,TRUE,TRUE,Apache License 2.0
rfyiamcool,rfyiamcool/go-stats,2020-10-23T08:31:30Z,5,5,Go,TRUE,TRUE,Apache License 2.0
rfyiamcool,rfyiamcool/waitgroup,2020-10-02T14:08:30Z,20,20,Go,TRUE,TRUE,
rfyiamcool,rfyiamcool/kvstore,2020-09-21T03:28:03Z,1,1,Go,TRUE,TRUE,
rfyiamcool,rfyiamcool/raft_kvs,2019-04-10T12:13:31Z,7,7,Go,TRUE,TRUE,
rfyiamcool,rfyiamcool/wmanager,2020-07-29T10:11:29Z,8,8,Go,TRUE,TRUE,
rfyiamcool,rfyiamcool/go-fcntl-pid,2017-08-14T23:45:58Z,6,6,Go,TRUE,TRUE,
rfyiamcool,rfyiamcool/validator,2019-06-10T07:24:07Z,1,1,Go,TRUE,TRUE,
rfyiamcool,rfyiamcool/dev_config,2020-02-28T12:51:50Z,2,2,Vim script,TRUE,TRUE,
rfyiamcool,rfyiamcool/grpcpp,2020-06-11T11:05:01Z,5,5,Go,TRUE,TRUE,
rfyiamcool,rfyiamcool/node-exporter-plugin,2020-06-08T09:34:05Z,15,15,Go,TRUE,TRUE,
rfyiamcool,rfyiamcool/multi-screen-jump,2020-04-29T02:09:05Z,14,14,,TRUE,TRUE,
rfyiamcool,rfyiamcool/influxdb-udp-proxy,2014-11-10T16:43:39Z,1,1,Go,TRUE,TRUE,
rfyiamcool,rfyiamcool/go-benchmark,2019-08-12T07:53:33Z,6,6,Go,TRUE,TRUE,
rfyiamcool,rfyiamcool/govaluate,2020-04-14T07:18:08Z,0,0,,TRUE,TRUE,MIT License
rfyiamcool,rfyiamcool/goleaker,2020-02-04T04:54:24Z,1,1,Go,TRUE,TRUE,
rfyiamcool,rfyiamcool/easybreaker,2019-12-24T15:05:42Z,3,3,Go,TRUE,TRUE,
rfyiamcool,rfyiamcool/stack_dump,2018-04-13T06:00:44Z,45,45,Go,TRUE,TRUE,
rfyiamcool,rfyiamcool/go-ringtimer,2019-01-04T07:24:58Z,33,33,Go,TRUE,TRUE,
rfyiamcool,rfyiamcool/karabiner-hhkb,2019-09-09T11:05:08Z,0,0,,TRUE,TRUE,
rfyiamcool,rfyiamcool/k8s-istio-control,2019-08-18T15:57:08Z,1,1,Go,TRUE,TRUE,
rfyiamcool,rfyiamcool/istio-http-lb,2019-07-28T04:27:18Z,10,10,Go,TRUE,TRUE,
rfyiamcool,rfyiamcool/grpc_batch_test,2018-08-07T14:36:53Z,28,28,Go,TRUE,TRUE,
rfyiamcool,rfyiamcool/love-gift-selector,2019-08-06T07:56:07Z,2,2,Go,TRUE,TRUE,
rfyiamcool,rfyiamcool/grpc-codec,2019-07-23T11:26:07Z,1,1,Go,TRUE,TRUE,
rfyiamcool,rfyiamcool/istio_grpc,2019-07-16T06:29:21Z,3,3,Go,TRUE,TRUE,
rfyiamcool,rfyiamcool/gohp,2019-07-09T12:14:45Z,3,3,Go,TRUE,TRUE,
rfyiamcool,rfyiamcool/ratelimiter,2019-07-01T06:52:33Z,2,2,Go,TRUE,TRUE,
rfyiamcool,rfyiamcool/benchmark_atomic_performance,2019-06-25T11:13:51Z,1,1,Go,TRUE,TRUE,
rfyiamcool,rfyiamcool/go-decimal,2019-06-19T02:52:42Z,3,3,Go,TRUE,TRUE,
rfyiamcool,rfyiamcool/spinlock,2019-06-13T12:02:13Z,3,3,Go,TRUE,TRUE,
rfyiamcool,rfyiamcool/ucontext,2019-05-28T11:41:58Z,1,1,Go,TRUE,TRUE,
rfyiamcool,rfyiamcool/auto_vultr_tool,2019-05-20T08:30:00Z,1,1,Python,TRUE,TRUE,
rfyiamcool,rfyiamcool/smooth_wrr,2018-07-17T15:00:34Z,1,1,Go,TRUE,TRUE,
rfyiamcool,rfyiamcool/grpclb-scheduler,2019-04-04T07:29:08Z,13,13,Go,TRUE,TRUE,
rfyiamcool,rfyiamcool/msgcodec,2019-04-16T06:35:13Z,4,4,Go,TRUE,TRUE,
rfyiamcool,rfyiamcool/timer_loop,2018-02-03T00:34:38Z,1,1,Go,TRUE,TRUE,
rfyiamcool,rfyiamcool/grpc-sidecar,2019-04-09T03:32:16Z,0,0,,TRUE,TRUE,
rfyiamcool,rfyiamcool/go-consul-locker,2019-04-02T11:25:43Z,10,10,Go,TRUE,TRUE,
rfyiamcool,rfyiamcool/anyrpc,2019-03-22T09:00:38Z,0,0,Go,TRUE,TRUE,
rfyiamcool,rfyiamcool/gologger,2019-01-09T02:07:15Z,3,3,Go,TRUE,TRUE,
rfyiamcool,rfyiamcool/pool,2018-10-15T09:57:39Z,19,19,Go,TRUE,TRUE,
rfyiamcool,rfyiamcool/worker_control,2018-09-15T10:29:33Z,1,1,Go,TRUE,TRUE,
rfyiamcool,rfyiamcool/fastq,2019-01-10T10:53:48Z,10,10,Go,TRUE,TRUE,
rfyiamcool,rfyiamcool/syncmap,2018-01-12T09:45:28Z,14,14,Go,TRUE,TRUE,
rfyiamcool,rfyiamcool/gobadger,2018-12-21T02:49:01Z,1,1,Go,TRUE,TRUE,
rfyiamcool,rfyiamcool/metrics_stats,2018-12-20T09:58:30Z,2,2,Go,TRUE,TRUE,
rfyiamcool,rfyiamcool/libtikv,2018-12-07T01:34:54Z,0,0,Go,TRUE,TRUE,
rfyiamcool,rfyiamcool/emap,2018-12-04T08:32:14Z,2,2,Go,TRUE,TRUE,
rfyiamcool,rfyiamcool/conngo,2018-11-29T08:36:48Z,0,0,,TRUE,TRUE,
rfyiamcool,rfyiamcool/fast_limiter,2018-11-18T15:30:16Z,12,12,Go,TRUE,TRUE,
rfyiamcool,rfyiamcool/vultr_speed,2018-08-11T02:00:17Z,2,2,Python,TRUE,TRUE,
rfyiamcool,rfyiamcool/inpubsub,2018-11-02T16:37:26Z,1,1,Go,TRUE,TRUE,
rfyiamcool,rfyiamcool/deque,2018-09-30T02:29:56Z,1,1,Go,TRUE,TRUE,
rfyiamcool,rfyiamcool/assert,2018-08-29T16:05:14Z,0,0,Go,TRUE,TRUE,
rfyiamcool,rfyiamcool/redis_bench,2018-08-21T22:59:40Z,2,2,Go,TRUE,TRUE,
rfyiamcool,rfyiamcool/kvdis,2014-11-08T08:31:25Z,56,56,Go,TRUE,TRUE,
rfyiamcool,rfyiamcool/AtomicPlus,2013-06-24T14:26:18Z,56,56,Python,TRUE,TRUE,
rfyiamcool,rfyiamcool/watchrun,2018-07-29T01:18:09Z,13,13,Python,TRUE,TRUE,
rfyiamcool,rfyiamcool/flask_markdown_blog,2017-06-18T01:31:19Z,16,16,HTML,TRUE,TRUE,
rfyiamcool,rfyiamcool/MyDockerfile,2017-09-30T07:48:40Z,1,1,Shell,TRUE,TRUE,
rfyiamcool,rfyiamcool/rp,2018-07-11T03:26:05Z,1,1,Go,TRUE,TRUE,
rfyiamcool,rfyiamcool/girl_siwa,2018-07-05T14:34:22Z,28,28,Python,TRUE,TRUE,
rfyiamcool,rfyiamcool/consistenthash,2018-06-27T07:40:34Z,2,2,Go,TRUE,TRUE,
rfyiamcool,rfyiamcool/pycuid,2018-06-24T07:50:38Z,1,1,Python,TRUE,TRUE,
rfyiamcool,rfyiamcool/gokvs,2018-06-15T01:39:42Z,2,2,,TRUE,TRUE,
rfyiamcool,rfyiamcool/ai_meinv,2018-05-29T23:53:49Z,5,5,Python,TRUE,TRUE,
rfyiamcool,rfyiamcool/redis_map,2018-05-27T14:54:24Z,0,0,Python,TRUE,TRUE,
rfyiamcool,rfyiamcool/pyetcdlock,2015-09-13T00:43:17Z,9,9,Python,TRUE,TRUE,MIT License
rfyiamcool,rfyiamcool/snowflake_srv,2018-02-26T02:58:04Z,0,0,,TRUE,TRUE,
rfyiamcool,rfyiamcool/format_converter,2016-01-04T14:49:21Z,16,16,Python,TRUE,TRUE,MIT License
rfyiamcool,rfyiamcool/func_queue,2018-05-05T22:45:14Z,2,2,Python,TRUE,TRUE,
rfyiamcool,rfyiamcool/trylock,2018-02-08T01:56:11Z,12,12,Go,TRUE,TRUE,
rfyiamcool,rfyiamcool/redis_lua_bulk_pop,2018-04-11T14:31:42Z,0,0,Lua,TRUE,TRUE,
rfyiamcool,rfyiamcool/cmd_control,2018-03-17T15:26:48Z,1,1,Go,TRUE,TRUE,
rfyiamcool,rfyiamcool/struct_attrib,2018-03-10T14:36:12Z,0,0,Python,TRUE,TRUE,
rfyiamcool,rfyiamcool/py_skip_list,2018-01-26T13:35:59Z,1,1,Python,TRUE,TRUE,
rfyiamcool,rfyiamcool/share_it,2018-01-20T14:40:57Z,1,1,,TRUE,TRUE,
rfyiamcool,rfyiamcool/cluster_stick_lock,2018-01-16T14:28:33Z,0,0,Go,TRUE,TRUE,
rfyiamcool,rfyiamcool/gworker,2018-01-08T23:09:45Z,1,1,Go,TRUE,TRUE,
rfyiamcool,rfyiamcool/react_monitor,2017-12-09T10:01:03Z,1,1,JavaScript,TRUE,TRUE,
rfyiamcool,rfyiamcool/go_tcp_protocol,2017-12-18T13:02:59Z,1,1,Go,TRUE,TRUE,
rfyiamcool,rfyiamcool/react-redux-demo,2017-12-29T01:08:54Z,0,0,JavaScript,TRUE,TRUE,
rfyiamcool,rfyiamcool/idgen,2017-12-22T12:21:33Z,0,0,,TRUE,TRUE,
rfyiamcool,rfyiamcool/edns_scan,2017-11-04T01:06:26Z,0,0,Go,TRUE,TRUE,
rfyiamcool,rfyiamcool/shell_ascii_art,2017-10-27T03:23:43Z,9,9,Shell,TRUE,TRUE,
rfyiamcool,rfyiamcool/local_redis,2017-10-22T07:24:28Z,0,0,Go,TRUE,TRUE,
rfyiamcool,rfyiamcool/rocks_queue,2017-11-25T15:29:00Z,73,73,Go,TRUE,TRUE,
rfyiamcool,rfyiamcool/zset_zpop,2017-11-02T02:04:46Z,0,0,Go,TRUE,TRUE,
rfyiamcool,rfyiamcool/pyzset,2017-11-22T14:32:34Z,1,1,Python,TRUE,TRUE,
rfyiamcool,rfyiamcool/func_instance,2017-09-15T02:48:23Z,1,1,Python,TRUE,TRUE,
rfyiamcool,rfyiamcool/pyLruCache,2014-11-01T07:55:19Z,40,40,Python,TRUE,TRUE,MIT License
rfyiamcool,rfyiamcool/seq_id_generator,2017-10-28T08:41:12Z,1,1,Lua,TRUE,TRUE,
rfyiamcool,rfyiamcool/jsonclass,2017-11-19T05:03:34Z,1,1,Python,TRUE,TRUE,
rfyiamcool,rfyiamcool/fileposter,2017-11-12T10:23:07Z,0,0,,TRUE,TRUE,
rfyiamcool,rfyiamcool/cgrep,2017-11-07T14:40:29Z,4,4,Python,TRUE,TRUE,MIT License
rfyiamcool,rfyiamcool/hugo_blog_test,2017-11-09T05:35:14Z,0,0,,TRUE,TRUE,
rfyiamcool,rfyiamcool/worker_handler,2016-04-08T05:25:06Z,21,21,Python,TRUE,TRUE,
rfyiamcool,rfyiamcool/pyretimeout,2014-11-01T06:38:54Z,9,9,Python,TRUE,TRUE,MIT License
rfyiamcool,rfyiamcool/easy_vultr,2017-11-04T23:09:27Z,2,2,Python,TRUE,TRUE,
rfyiamcool,rfyiamcool/uwsgi_cli,2017-01-16T08:58:51Z,47,47,Python,TRUE,TRUE,MIT License
rfyiamcool,rfyiamcool/BatchQueue,2017-10-31T14:50:06Z,2,2,,TRUE,TRUE,
rfyiamcool,rfyiamcool/go-safe-exit,2017-08-14T13:52:38Z,0,0,Go,TRUE,TRUE,
rfyiamcool,rfyiamcool/go_daemon,2017-10-27T01:12:19Z,0,0,Go,TRUE,TRUE,
rfyiamcool,rfyiamcool/http_dns_proxy,2017-10-26T07:11:18Z,0,0,,TRUE,TRUE,
rfyiamcool,rfyiamcool/redis_netlock,2014-12-19T08:04:27Z,26,26,Python,TRUE,TRUE,MIT License
rfyiamcool,rfyiamcool/local_mutex,2015-11-16T10:57:02Z,6,6,Python,TRUE,TRUE,MIT License
rfyiamcool,rfyiamcool/python-pid,2015-09-16T16:07:02Z,5,5,Python,TRUE,TRUE,MIT License
rfyiamcool,rfyiamcool/aof_redo,2017-10-25T05:04:47Z,0,0,,TRUE,TRUE,
rfyiamcool,rfyiamcool/go_pubsub,2017-10-20T14:46:32Z,44,44,Go,TRUE,TRUE,
rfyiamcool,rfyiamcool/redis_unique_queue,2017-10-12T14:22:15Z,53,53,Go,TRUE,TRUE,
rfyiamcool,rfyiamcool/go_discovery,2017-10-18T15:12:48Z,0,0,,TRUE,TRUE,
rfyiamcool,rfyiamcool/RabbitmqPool,2017-08-03T07:37:37Z,1,1,Go,TRUE,TRUE,
rfyiamcool,rfyiamcool/goroutine_storge,2017-10-16T07:30:39Z,1,1,Go,TRUE,TRUE,
rfyiamcool,rfyiamcool/golang_celery,2017-10-13T23:18:04Z,0,0,,TRUE,TRUE,
rfyiamcool,rfyiamcool/go_redis_semaphore,2017-10-08T03:46:10Z,29,29,Go,TRUE,TRUE,
rfyiamcool,rfyiamcool/go_consistent_hash,2017-10-04T04:54:47Z,1,1,Go,TRUE,TRUE,
rfyiamcool,rfyiamcool/thread_ping,2017-09-09T09:27:31Z,1,1,Python,TRUE,TRUE,
rfyiamcool,rfyiamcool/go_redis_lock,2016-03-22T16:08:48Z,17,17,Go,TRUE,TRUE,
rfyiamcool,rfyiamcool/lua_parse_url,2017-08-28T05:45:29Z,0,0,Lua,TRUE,TRUE,
rfyiamcool,rfyiamcool/mwget,2015-08-09T15:13:48Z,20,20,Python,TRUE,TRUE,MIT License
rfyiamcool,rfyiamcool/redis_modules_ackqueue,2017-08-06T06:37:10Z,2,2,C,TRUE,TRUE,
rfyiamcool,rfyiamcool/tornado-threadpool,2016-01-14T05:35:55Z,20,20,Python,TRUE,TRUE,MIT License
rfyiamcool,rfyiamcool/boom_run,2017-07-26T02:37:41Z,0,0,Python,TRUE,TRUE,MIT License
rfyiamcool,rfyiamcool/python_book,2017-06-29T05:30:45Z,25,25,,TRUE,TRUE,
rfyiamcool,rfyiamcool/jd_product_spider,2016-11-30T02:38:13Z,14,14,Python,TRUE,TRUE,
rfyiamcool,rfyiamcool/elasticsearch_parse,2015-10-30T16:13:01Z,27,27,Python,TRUE,TRUE,MIT License
rfyiamcool,rfyiamcool/mutex_timeout,2017-07-18T02:50:17Z,0,0,Python,TRUE,TRUE,
rfyiamcool,rfyiamcool/LockFreeQueue,2017-06-24T03:40:05Z,1,1,,TRUE,TRUE,
rfyiamcool,rfyiamcool/elasticsearch_sql,2015-11-03T10:35:25Z,0,0,,TRUE,TRUE,
rfyiamcool,rfyiamcool/PySocksProxy,2015-11-25T06:47:33Z,5,5,Python,TRUE,TRUE,
rfyiamcool,rfyiamcool/CurlCache,2016-01-16T07:06:17Z,1,1,Python,TRUE,TRUE,
rfyiamcool,rfyiamcool/gevent-etcd,2015-10-11T02:12:51Z,5,5,Python,TRUE,TRUE,MIT License
rfyiamcool,rfyiamcool/GeventCron,2015-09-16T16:22:54Z,27,27,Python,TRUE,TRUE,MIT License
rfyiamcool,rfyiamcool/ProcessHandler,2015-10-24T15:59:08Z,90,90,Python,TRUE,TRUE,MIT License
rfyiamcool,rfyiamcool/zhihu_mirror,2016-09-09T01:29:11Z,6,6,Python,TRUE,TRUE,
rfyiamcool,rfyiamcool/aiohttp_login,2017-05-11T23:09:19Z,3,3,Python,TRUE,TRUE,
rfyiamcool,rfyiamcool/RingTimer,2017-03-14T10:07:25Z,11,11,Python,TRUE,TRUE,
rfyiamcool,rfyiamcool/easyrun,2015-09-06T10:13:34Z,5,5,Python,TRUE,TRUE,MIT License
rfyiamcool,rfyiamcool/zeus_rest,2016-10-14T03:06:32Z,1,1,,TRUE,TRUE,
rfyiamcool,rfyiamcool/timerstack,2016-07-28T14:38:52Z,17,17,C,TRUE,TRUE,MIT License
rfyiamcool,rfyiamcool/func_stats,2016-06-27T14:45:48Z,14,14,Python,TRUE,TRUE,
rfyiamcool,rfyiamcool/summary,2016-06-23T10:00:33Z,4,4,Python,TRUE,TRUE,
rfyiamcool,rfyiamcool/fileporter,2015-08-07T23:25:34Z,8,8,HTML,TRUE,TRUE,Other
rfyiamcool,rfyiamcool/easythreads,2015-11-18T14:59:48Z,2,2,Python,TRUE,TRUE,MIT License
rfyiamcool,rfyiamcool/ExtractLevelDomain,2015-11-06T08:01:47Z,8,8,Python,TRUE,TRUE,MIT License
rfyiamcool,rfyiamcool/special_random,2016-03-09T16:18:50Z,1,1,Python,TRUE,TRUE,
rfyiamcool,rfyiamcool/vim_new,2016-01-21T08:55:48Z,3,3,VimL,TRUE,TRUE,
rfyiamcool,rfyiamcool/TimeCost,2016-01-13T02:14:51Z,5,5,Python,TRUE,TRUE,MIT License
rfyiamcool,rfyiamcool/ArbiterHandler,2016-01-12T02:11:12Z,3,3,Python,TRUE,TRUE,MIT License
rfyiamcool,rfyiamcool/happyshell,2013-10-31T15:23:07Z,31,31,,TRUE,TRUE,
rfyiamcool,rfyiamcool/ackqueue,2015-12-07T14:56:46Z,3,3,Python,TRUE,TRUE,
rfyiamcool,rfyiamcool/swift_rpc,2015-10-16T03:51:15Z,84,84,Python,TRUE,TRUE,MIT License
rfyiamcool,rfyiamcool/simple_db_api,2015-12-23T15:39:32Z,10,10,Python,TRUE,TRUE,
rfyiamcool,rfyiamcool/python_rq_timer,2015-12-15T03:02:02Z,9,9,Python,TRUE,TRUE,
rfyiamcool,rfyiamcool/secure_queue,2015-12-10T08:31:57Z,15,15,Python,TRUE,TRUE,MIT License
rfyiamcool,rfyiamcool/ControlSpeed,2015-11-14T09:20:05Z,4,4,Python,TRUE,TRUE,MIT License
rfyiamcool,rfyiamcool/expiredict,2015-08-27T05:38:58Z,13,13,Python,TRUE,TRUE,MIT License
rfyiamcool,rfyiamcool/dburi,2015-09-08T17:03:13Z,11,11,Python,TRUE,TRUE,MIT License
rfyiamcool,rfyiamcool/docker-elasticsearch,2015-11-03T16:20:41Z,6,6,Shell,TRUE,TRUE,
rfyiamcool,rfyiamcool/profiler_online,2015-10-21T09:13:04Z,25,25,Perl,TRUE,TRUE,MIT License
rfyiamcool,rfyiamcool/docker-etcd,2015-10-28T08:05:14Z,2,2,,TRUE,TRUE,
rfyiamcool,rfyiamcool/python-vim,2015-10-13T14:56:30Z,11,11,VimL,TRUE,TRUE,
rfyiamcool,rfyiamcool/simple_orm_mysql,2015-10-09T09:32:18Z,14,14,Python,TRUE,TRUE,
rfyiamcool,rfyiamcool/influxdb-docker,2015-10-19T15:48:49Z,5,5,Shell,TRUE,TRUE,
rfyiamcool,rfyiamcool/pyautoreload,2015-09-27T14:43:40Z,10,10,Python,TRUE,TRUE,MIT License
rfyiamcool,rfyiamcool/validfilter,2015-08-30T15:58:38Z,2,2,Python,TRUE,TRUE,MIT License
rfyiamcool,rfyiamcool/batch_keys_api,2014-11-15T12:11:02Z,17,17,Python,TRUE,TRUE,
rfyiamcool,rfyiamcool/proxymonitor,2015-08-10T15:46:43Z,0,0,Python,TRUE,TRUE,Other
rfyiamcool,rfyiamcool/redis-cluster-dockerfile,2015-05-16T19:18:54Z,11,11,Shell,TRUE,TRUE,
rfyiamcool,rfyiamcool/pylfu,2015-04-20T03:51:58Z,0,0,Python,TRUE,TRUE,
rfyiamcool,rfyiamcool/multitcp,2014-11-29T03:29:06Z,6,6,Python,TRUE,TRUE,
rfyiamcool,rfyiamcool/logcounter,2014-11-06T15:40:49Z,7,7,Python,TRUE,TRUE,
rfyiamcool,rfyiamcool/lvs-autoload,2013-06-24T14:48:01Z,21,21,Python,TRUE,TRUE,
rfyiamcool,rfyiamcool/bottle-gevent-demo,2014-08-28T03:05:56Z,8,8,Python,TRUE,TRUE,
rfyiamcool,rfyiamcool/python-simple-sso,2014-05-31T07:45:39Z,12,12,Python,TRUE,TRUE,
rfyiamcool,rfyiamcool/monitor_for_websocket,2014-02-28T15:44:52Z,5,5,,TRUE,TRUE,
rfyiamcool,rfyiamcool/http-json-subprocess,2013-06-30T15:13:40Z,4,4,Python,TRUE,TRUE,
rfyiamcool,rfyiamcool/python-dnatport-twsited,2013-06-24T14:16:57Z,4,4,,TRUE,TRUE,
rfyiamcool,rfyiamcool/shellredis-mq,2013-06-24T14:05:37Z,9,9,Shell,TRUE,TRUE,
Terry-Mao,Terry-Mao/goim,2015-04-30T13:01:32Z,7195,7195,Go,TRUE,TRUE,MIT License
Terry-Mao,Terry-Mao/bfs,2015-10-17T11:06:09Z,1596,1596,Go,TRUE,TRUE,
Terry-Mao,Terry-Mao/go-project-layout,2020-12-06T14:07:07Z,20,20,Go,TRUE,TRUE,
Terry-Mao,Terry-Mao/gopush-cluster,2013-12-27T08:56:10Z,2083,2083,Go,TRUE,TRUE,GNU General Public License v3.0
Terry-Mao,Terry-Mao/gosnowflake,2014-04-18T04:08:00Z,399,399,Go,TRUE,TRUE,GNU General Public License v3.0
Terry-Mao,Terry-Mao/goconf,2014-01-18T10:29:41Z,98,98,Go,TRUE,TRUE,
Terry-Mao,Terry-Mao/marmot,2016-01-08T15:34:53Z,25,25,Go,TRUE,TRUE,
Terry-Mao,Terry-Mao/gomemcache,2015-11-28T09:10:20Z,22,22,Go,TRUE,TRUE,
Terry-Mao,Terry-Mao/gopush-cluster-sdk,2014-02-24T15:26:35Z,35,35,Java,TRUE,TRUE,
Terry-Mao,Terry-Mao/goproxy,2015-10-10T13:50:39Z,2,2,Go,TRUE,TRUE,
Terry-Mao,Terry-Mao/protorpc,2015-07-14T04:26:42Z,39,39,Go,TRUE,TRUE,
Terry-Mao,Terry-Mao/net,2015-07-17T06:52:20Z,1,1,Go,TRUE,FALSE,"BSD 3-Clause ""New"" or ""Revised"" License"
Terry-Mao,Terry-Mao/goredis-sentinel-sdk,2015-02-10T09:13:21Z,7,7,Go,TRUE,TRUE,GNU General Public License v3.0
Terry-Mao,Terry-Mao/CocoaGoPush,2014-04-05T16:58:48Z,2,2,Objective-C,TRUE,TRUE,MIT License
Terry-Mao,Terry-Mao/gopush-cluster-javascript-sdk,2014-03-11T08:12:55Z,1,1,JavaScript,TRUE,TRUE,
Terry-Mao,Terry-Mao/mysql,2014-04-29T05:00:01Z,2,2,Go,TRUE,TRUE,Mozilla Public License 2.0
Terry-Mao,Terry-Mao/MySQL-Syncer,2012-04-10T03:03:39Z,339,339,C,TRUE,TRUE,
Terry-Mao,Terry-Mao/GoPushforIOS,2014-03-07T05:01:06Z,1,1,Objective-C,TRUE,TRUE,
Terry-Mao,Terry-Mao/gopush2,2013-11-08T09:45:54Z,69,69,Go,TRUE,TRUE,Other
Terry-Mao,Terry-Mao/gopush,2013-08-26T10:44:37Z,53,53,Go,TRUE,TRUE,
Terry-Mao,Terry-Mao/coroutine,2014-02-28T03:39:27Z,2,2,C,TRUE,TRUE,MIT License
Terry-Mao,Terry-Mao/LYM,2014-02-17T08:26:45Z,1,1,,TRUE,TRUE,
Terry-Mao,Terry-Mao/mark-sweep,2013-12-26T18:29:10Z,1,1,C,TRUE,TRUE,Other
Terry-Mao,Terry-Mao/redis,2013-11-23T13:53:49Z,2,2,C,TRUE,TRUE,"BSD 3-Clause ""New"" or ""Revised"" License"
Terry-Mao,Terry-Mao/paint,2013-01-24T09:14:01Z,39,39,Go,TRUE,TRUE,
Terry-Mao,Terry-Mao/lthread,2014-02-28T07:07:20Z,1,1,C,TRUE,TRUE,Other
Terry-Mao,Terry-Mao/twemproxy,2013-08-28T13:09:30Z,2,2,C,TRUE,TRUE,Apache License 2.0
Terry-Mao,Terry-Mao/Go-Tool,2013-06-28T17:45:15Z,6,6,Go,TRUE,TRUE,
Terry-Mao,Terry-Mao/pop3,2014-02-14T06:21:50Z,0,0,Go,TRUE,TRUE,
Terry-Mao,Terry-Mao/Retail,2013-06-24T15:40:38Z,12,12,C,TRUE,TRUE,
Terry-Mao,Terry-Mao/go-inotify,2013-06-02T06:35:00Z,0,0,,TRUE,TRUE,
Terry-Mao,Terry-Mao/canvas,2013-01-14T16:46:43Z,0,0,C,TRUE,TRUE,MIT License
Terry-Mao,Terry-Mao/mymysql,2012-12-26T11:08:06Z,0,0,Go,TRUE,TRUE,Other
Terry-Mao,Terry-Mao/dbpool_for_golang,2012-12-06T07:50:25Z,5,5,Go,TRUE,TRUE,
chyyuu,chyyuu/aos-lectures,2024-09-10T15:41:13Z,0,0,TeX,TRUE,TRUE,Creative Commons Zero v1.0 Universal
chyyuu,chyyuu/aos_course_info,2015-03-17T01:30:21Z,336,336,C,TRUE,TRUE,Creative Commons Zero v1.0 Universal
chyyuu,chyyuu/test2,2024-04-16T03:40:32Z,0,0,C,TRUE,TRUE,
chyyuu,chyyuu/rcore-tutorial-v3-with-hal-component,2024-05-02T03:30:15Z,0,0,Rust,TRUE,TRUE,GNU General Public License v3.0
chyyuu,chyyuu/os-lectures,2021-02-17T01:38:20Z,11,11,C,TRUE,TRUE,MIT License
chyyuu,chyyuu/polyhal,2024-05-02T02:05:40Z,0,0,Rust,TRUE,TRUE,MIT License
chyyuu,chyyuu/rCore-Tutorial-v3,2021-02-28T01:35:49Z,3,3,Rust,TRUE,TRUE,GNU General Public License v3.0
chyyuu,chyyuu/rCore-Tutorial-v3-dev-PRA,2023-01-29T03:59:17Z,2,2,Rust,TRUE,TRUE,GNU General Public License v3.0
chyyuu,chyyuu/rCore-Tutorial-v3-sched-algorithms,2023-01-29T03:52:31Z,0,0,Rust,TRUE,TRUE,GNU General Public License v3.0
chyyuu,chyyuu/rCore-Tutorial-v3-with-page-replacement-and-sched-algorithms,2024-05-01T08:03:17Z,0,0,Rust,TRUE,TRUE,Do What The F*ck You Want To Public License
chyyuu,chyyuu/learn-verus,2024-04-07T01:23:31Z,3,3,Rust,TRUE,TRUE,
chyyuu,chyyuu/awesome-rust-formalized-reasoning,2024-03-08T15:58:53Z,3,3,,TRUE,TRUE,MIT License
chyyuu,chyyuu/rust-book-cs-brown-edu,2024-02-21T00:41:16Z,3,3,,TRUE,FALSE,Other
chyyuu,chyyuu/thoughts,2023-01-19T17:05:04Z,42,42,,TRUE,TRUE,
chyyuu,chyyuu/compiler_course_info,2017-09-14T00:51:37Z,245,245,Python,TRUE,TRUE,
chyyuu,chyyuu/arceos,2023-04-05T07:22:24Z,0,0,Rust,TRUE,TRUE,Apache License 2.0
chyyuu,chyyuu/arce-os.github.io,2023-08-12T00:14:52Z,0,0,,TRUE,TRUE,
chyyuu,chyyuu/rv-arch-lab-terminus,2020-11-10T13:48:22Z,1,1,Rust,TRUE,TRUE,MIT License
chyyuu,chyyuu/2023OSCOMP,2023-04-09T12:08:48Z,0,0,,TRUE,TRUE,
chyyuu,chyyuu/proj208-performance-and-diagnosis-tool,2023-03-28T03:19:45Z,0,0,,TRUE,TRUE,
chyyuu,chyyuu/proj199-Linux-0.11-arm,2023-03-28T01:49:34Z,0,0,,TRUE,TRUE,GNU General Public License v3.0
chyyuu,chyyuu/proj220-la-spmv,2023-03-28T04:41:12Z,0,0,,TRUE,TRUE,GNU General Public License v3.0
chyyuu,chyyuu/proj231-hypervisor-in-zephyr,2023-03-31T01:12:34Z,0,0,,TRUE,TRUE,
chyyuu,chyyuu/proj212-la32-yocto,2023-03-28T04:37:51Z,0,0,,TRUE,TRUE,GNU General Public License v3.0
chyyuu,chyyuu/opensource-os-education,2023-03-18T15:57:18Z,1,1,,TRUE,TRUE,
chyyuu,chyyuu/chyyuu,2023-03-18T01:35:00Z,1,1,,TRUE,TRUE,
chyyuu,chyyuu/syswonder-web,2023-03-01T12:37:42Z,0,0,,TRUE,TRUE,
chyyuu,chyyuu/discussions,2023-02-16T11:39:59Z,0,0,,TRUE,TRUE,
chyyuu,chyyuu/marp-to-pages,2023-02-12T01:52:29Z,0,0,,TRUE,TRUE,MIT License
chyyuu,chyyuu/rCore-Tutorial-Checker-2023S,2023-02-08T09:32:44Z,0,0,Rust,TRUE,TRUE,
chyyuu,chyyuu/rCore-Tutorial-Guide-2023S,2023-02-04T14:06:28Z,0,0,,TRUE,FALSE,
chyyuu,chyyuu/os_kernel_lab,2012-08-21T18:44:08Z,3966,3966,Rust,TRUE,TRUE,GNU General Public License v3.0
chyyuu,chyyuu/play_rust,2023-01-27T00:54:30Z,0,0,Rust,TRUE,TRUE,
chyyuu,chyyuu/virtio-drivers,2021-03-06T14:25:35Z,0,0,Rust,TRUE,TRUE,MIT License
chyyuu,chyyuu/xv6-rust,2023-01-02T09:55:11Z,0,0,Rust,TRUE,TRUE,MIT License
chyyuu,chyyuu/rust-raspberrypi-OS-tutorials,2023-01-04T12:57:46Z,1,1,,TRUE,FALSE,Apache License 2.0
chyyuu,chyyuu/rCore-Tutorial-Book-v3,2021-01-17T01:30:18Z,9,9,Python,TRUE,TRUE,GNU General Public License v3.0
chyyuu,chyyuu/rust-atomics-and-locks,2023-01-09T01:47:10Z,0,0,,TRUE,FALSE,Other
chyyuu,chyyuu/rCore-Tutorial-in-single-workspace,2023-01-10T05:42:35Z,0,0,,TRUE,TRUE,Do What The F*ck You Want To Public License
chyyuu,chyyuu/compiler_lab,2017-09-25T09:21:21Z,57,57,Python,TRUE,TRUE,GNU General Public License v2.0
chyyuu,chyyuu/rt-v3-sched,2022-08-28T03:07:44Z,0,0,Rust,TRUE,TRUE,GNU General Public License v3.0
chyyuu,chyyuu/rt-v3-pra,2022-08-28T03:15:37Z,0,0,Rust,TRUE,TRUE,GNU General Public License v3.0
chyyuu,chyyuu/SomeBlogs,2022-03-16T03:31:22Z,4,4,,TRUE,TRUE,
chyyuu,chyyuu/rCore-Tutorial-ch1-assignment-1,2022-06-26T09:16:33Z,1,1,Rust,TRUE,TRUE,GNU General Public License v3.0
chyyuu,chyyuu/rCore-irq-test,2022-06-03T11:17:15Z,0,0,,TRUE,TRUE,GNU General Public License v3.0
chyyuu,chyyuu/rustsbi-qemu,2022-05-15T08:08:49Z,0,0,Rust,TRUE,TRUE,Other
chyyuu,chyyuu/os-usrapp-lab,2022-05-05T03:21:49Z,5,5,C,TRUE,TRUE,
chyyuu,chyyuu/example-coroutine-and-thread,2021-11-22T02:15:19Z,10,10,Rust,TRUE,TRUE,MIT License
chyyuu,chyyuu/simple_os_book,2014-09-21T14:19:31Z,567,567,TeX,TRUE,TRUE,
chyyuu,chyyuu/os_course_info,2014-10-13T01:17:17Z,2858,2858,,TRUE,TRUE,
chyyuu,chyyuu/test-marp-action,2022-02-20T13:56:47Z,0,0,,TRUE,TRUE,
chyyuu,chyyuu/ostep-code-rust,2022-02-20T01:12:41Z,11,11,Rust,TRUE,TRUE,
chyyuu,chyyuu/rust-basics-course,2022-02-12T06:49:33Z,0,0,,TRUE,TRUE,
chyyuu,chyyuu/ostep-code,2022-02-20T01:02:15Z,0,0,,TRUE,TRUE,
chyyuu,chyyuu/xv6-lab-2021,2022-02-09T17:11:50Z,8,8,C,TRUE,TRUE,Other
chyyuu,chyyuu/rCore,2022-02-16T01:52:59Z,0,0,,TRUE,TRUE,MIT License
chyyuu,chyyuu/zephyr,2021-12-13T06:22:55Z,0,0,,TRUE,TRUE,Apache License 2.0
chyyuu,chyyuu/CSAPP-Labs,2022-01-04T04:49:38Z,8,8,,TRUE,TRUE,
chyyuu,chyyuu/command-line-rust,2022-02-12T02:33:34Z,0,0,,TRUE,TRUE,MIT License
chyyuu,chyyuu/compiler-toolbox,2021-09-22T12:31:14Z,7,7,JavaScript,TRUE,TRUE,GNU General Public License v3.0
chyyuu,chyyuu/grammophone,2021-10-20T03:18:15Z,0,0,,TRUE,FALSE,
chyyuu,chyyuu/uintr-linux-kernel,2021-10-01T15:13:47Z,0,0,,TRUE,TRUE,Other
chyyuu,chyyuu/racc,2021-09-13T16:09:48Z,0,0,,TRUE,TRUE,MIT License
chyyuu,chyyuu/zCore,2020-05-02T10:08:34Z,12,12,Rust,TRUE,TRUE,MIT License
chyyuu,chyyuu/rcore-user,2021-09-01T12:17:08Z,0,0,,TRUE,TRUE,
chyyuu,chyyuu/zCore-Tutorial,2021-05-17T14:45:09Z,0,0,Rust,TRUE,TRUE,
chyyuu,chyyuu/rcore_tutorial_tests,2021-01-26T03:30:11Z,1,1,Rust,TRUE,TRUE,
chyyuu,chyyuu/2021summer-of-zCore,2021-08-06T03:04:39Z,0,0,,TRUE,TRUE,MIT License
chyyuu,chyyuu/HandsOnRust,2021-08-04T03:06:25Z,1,1,Rust,TRUE,FALSE,
chyyuu,chyyuu/rboot,2021-07-27T15:36:17Z,2,2,,TRUE,TRUE,MIT License
chyyuu,chyyuu/RVM,2021-07-27T12:42:29Z,0,0,Rust,TRUE,TRUE,MIT License
chyyuu,chyyuu/zCore-Design,2021-05-25T06:48:22Z,13,13,Rust,TRUE,TRUE,
chyyuu,chyyuu/trapframe-rs,2021-05-30T14:36:33Z,0,0,Rust,TRUE,TRUE,MIT License
chyyuu,chyyuu/zCore-docs,2021-05-26T00:20:35Z,4,4,,TRUE,TRUE,
chyyuu,chyyuu/os_course_exercises,2014-09-26T08:21:26Z,379,379,Shell,TRUE,TRUE,
chyyuu,chyyuu/async-book,2021-02-24T00:36:12Z,0,0,,TRUE,FALSE,MIT License
chyyuu,chyyuu/excalidraw,2021-02-20T05:50:23Z,0,0,,TRUE,FALSE,MIT License
chyyuu,chyyuu/yobrave-blog-with-Hugo,2021-02-16T00:00:25Z,0,0,,TRUE,TRUE,
chyyuu,chyyuu/evcxr,2021-02-10T09:10:50Z,0,0,,TRUE,TRUE,Apache License 2.0
chyyuu,chyyuu/riscv-asm-manual,2021-02-03T02:05:55Z,2,2,,TRUE,TRUE,
chyyuu,chyyuu/terminus_bl,2021-01-25T15:21:23Z,0,0,,TRUE,TRUE,MIT License
chyyuu,chyyuu/rustsbi,2021-01-25T11:57:48Z,0,0,,TRUE,TRUE,MIT License
chyyuu,chyyuu/proj-3RMM,2021-01-03T04:23:31Z,0,0,,TRUE,TRUE,MIT License
chyyuu,chyyuu/proj-RV64N,2020-12-22T15:48:13Z,0,0,,TRUE,TRUE,
chyyuu,chyyuu/osnotes,2020-10-30T04:16:44Z,2,2,,TRUE,TRUE,
chyyuu,chyyuu/minidecaf-ts,2021-09-17T00:58:47Z,0,0,,TRUE,TRUE,
chyyuu,chyyuu/ucore_os_docs,2014-10-04T14:26:07Z,745,745,Python,TRUE,TRUE,
chyyuu,chyyuu/minidecaf-tutorial-deploy,2021-09-24T14:35:38Z,0,0,,TRUE,TRUE,
chyyuu,chyyuu/MultiMarkdown-6,2020-08-19T06:32:31Z,1,1,,TRUE,TRUE,Other
chyyuu,chyyuu/minidecaf-rv64,2020-07-28T04:25:43Z,2,2,Rust,TRUE,TRUE,
chyyuu,chyyuu/step-calc,2020-08-08T16:42:04Z,0,0,OCaml,TRUE,TRUE,
chyyuu,chyyuu/cynqcc,2020-08-04T02:22:33Z,0,0,OCaml,TRUE,TRUE,
chyyuu,chyyuu/cy-minidecaf,2020-07-31T11:33:54Z,1,1,Rust,TRUE,TRUE,
chyyuu,chyyuu/awesome-cheatsheet,2020-07-15T00:51:40Z,1,1,Python,TRUE,TRUE,MIT License
chyyuu,chyyuu/rCore-Tutorial-deploy,2020-07-11T15:13:58Z,6,6,Rust,TRUE,TRUE,GNU General Public License v3.0
chyyuu,chyyuu/rCore-Tutorial,2020-06-29T02:46:08Z,0,0,Rust,TRUE,TRUE,GNU General Public License v3.0
chyyuu,chyyuu/rust-learning,2020-07-15T00:53:48Z,2,2,,TRUE,TRUE,
chyyuu,chyyuu/aoslab,2021-08-06T07:32:13Z,0,0,,TRUE,TRUE,
chyyuu,chyyuu/rcore-fs,2021-08-06T07:35:50Z,0,0,,TRUE,TRUE,MIT License
chyyuu,chyyuu/terminus_spaceport,2020-11-10T13:49:28Z,0,0,,TRUE,TRUE,MIT License
chyyuu,chyyuu/rustlings,2020-05-24T08:56:00Z,0,0,,TRUE,TRUE,MIT License
chyyuu,chyyuu/rvemu,2020-04-21T00:26:54Z,0,0,,TRUE,TRUE,MIT License
chyyuu,chyyuu/rCore_tutorial,2019-12-10T02:06:48Z,5,5,Rust,TRUE,TRUE,
chyyuu,chyyuu/hv6,2018-03-19T02:53:39Z,7,7,C,TRUE,TRUE,
chyyuu,chyyuu/os_tutorial_lab,2017-02-11T13:37:01Z,149,149,C,TRUE,TRUE,GNU General Public License v2.0
chyyuu,chyyuu/rCore_tutorial_doc,2019-12-10T02:08:40Z,1,1,JavaScript,TRUE,TRUE,
chyyuu,chyyuu/zircon-notes,2019-11-13T11:32:02Z,4,4,,TRUE,TRUE,
chyyuu,chyyuu/FuchsiaRustSDK,2019-11-13T09:00:56Z,0,0,Makefile,TRUE,TRUE,MIT License
chyyuu,chyyuu/zircon,2019-11-13T09:18:21Z,0,0,,TRUE,TRUE,Other
chyyuu,chyyuu/os2atc19,2017-11-16T00:51:26Z,4,4,,TRUE,TRUE,
chyyuu,chyyuu/linux,2017-05-07T14:26:30Z,2,2,C,TRUE,FALSE,Other
chyyuu,chyyuu/rst-cheatsheet,2021-01-20T02:26:58Z,0,0,,TRUE,TRUE,
chyyuu,chyyuu/webdoc,2019-11-26T00:30:17Z,0,0,,TRUE,TRUE,
chyyuu,chyyuu/decaf-book-spec,2019-10-09T05:21:38Z,0,0,,TRUE,TRUE,
chyyuu,chyyuu/decaf-2019-project,2019-10-16T01:07:19Z,0,0,,TRUE,TRUE,
chyyuu,chyyuu/decaf-2019-TestCases,2019-10-16T01:07:39Z,0,0,,TRUE,TRUE,
chyyuu,chyyuu/decaf-2,2019-10-16T01:08:50Z,0,0,,TRUE,TRUE,
chyyuu,chyyuu/v8-cpu,2015-09-14T20:09:13Z,100,100,JavaScript,TRUE,FALSE,
chyyuu,chyyuu/decaf-in-scala,2019-10-16T01:09:00Z,0,0,,TRUE,TRUE,
chyyuu,chyyuu/lalr1,2019-09-21T14:28:48Z,0,0,Rust,TRUE,TRUE,
chyyuu,chyyuu/decaf_doc-1,2019-09-25T00:49:42Z,0,0,,TRUE,TRUE,
chyyuu,chyyuu/re2dfa,2019-09-25T10:15:25Z,0,0,Rust,TRUE,TRUE,
chyyuu,chyyuu/tox,2019-09-15T14:51:37Z,0,0,Rust,TRUE,TRUE,
chyyuu,chyyuu/dragon-book-exercise-answers,2019-09-24T11:33:16Z,3,3,,TRUE,TRUE,
chyyuu,chyyuu/rcoresbs_doc,2019-07-16T14:53:16Z,10,10,,TRUE,TRUE,
chyyuu,chyyuu/Hyper-OS,2019-08-21T07:42:10Z,1,1,C++,TRUE,TRUE,
chyyuu,chyyuu/f-stack,2019-03-31T00:52:00Z,2,2,C,TRUE,TRUE,Other
chyyuu,chyyuu/os2018-roastduck,2019-03-23T04:13:12Z,4,4,C,TRUE,TRUE,GNU General Public License v2.0
chyyuu,chyyuu/codewars-rust,2019-03-04T15:01:27Z,0,0,Rust,TRUE,TRUE,
chyyuu,chyyuu/computationbook-rust,2023-01-02T09:15:06Z,0,0,,TRUE,TRUE,
chyyuu,chyyuu/libc,2019-02-19T08:54:49Z,2,2,C,TRUE,TRUE,
chyyuu,chyyuu/coreutils,2019-02-18T08:12:51Z,0,0,Rust,TRUE,FALSE,MIT License
chyyuu,chyyuu/riscv-pk,2019-01-10T14:32:17Z,0,0,C,TRUE,TRUE,Other
chyyuu,chyyuu/ucore_os_plus,2012-08-24T09:29:39Z,232,232,C,TRUE,TRUE,
chyyuu,chyyuu/SimpleFileSystem-Rust,2019-01-18T15:20:03Z,0,0,Rust,TRUE,TRUE,MIT License
chyyuu,chyyuu/decaf-1,2019-04-29T11:59:17Z,0,0,Rust,TRUE,TRUE,
chyyuu,chyyuu/testos,2018-10-11T15:54:04Z,3,3,Rust,TRUE,TRUE,
chyyuu,chyyuu/rust_kernel,2018-10-11T11:17:28Z,2,2,HTML,TRUE,FALSE,Apache License 2.0
chyyuu,chyyuu/riscv-and-rust-and-decaf,2018-10-10T14:22:50Z,2,2,Rust,TRUE,TRUE,
chyyuu,chyyuu/sv6,2013-11-03T02:59:41Z,1,1,C,TRUE,TRUE,Other
chyyuu,chyyuu/riscv_lab,2018-07-31T02:36:41Z,4,4,Scala,TRUE,TRUE,GNU General Public License v2.0
chyyuu,chyyuu/SystemOnCat,2018-07-24T06:50:37Z,0,0,Scala,TRUE,TRUE,GNU General Public License v3.0
chyyuu,chyyuu/openmips,2018-07-10T14:17:54Z,2,2,Verilog,TRUE,TRUE,
chyyuu,chyyuu/riscvemu,2018-06-11T15:54:14Z,6,6,C,TRUE,TRUE,MIT License
chyyuu,chyyuu/msfonts,2018-06-04T03:11:12Z,7,7,,TRUE,TRUE,
chyyuu,chyyuu/xelatex-zh-book,2018-06-01T16:02:46Z,1,1,TeX,TRUE,TRUE,Apache License 2.0
chyyuu,chyyuu/fonts,2018-06-01T16:44:28Z,2,2,Shell,TRUE,TRUE,
chyyuu,chyyuu/awesome-csinfo,2018-05-18T01:06:53Z,2,2,,TRUE,TRUE,
chyyuu,chyyuu/lightweight-os-dev-docs,2018-04-18T00:28:55Z,0,0,,TRUE,TRUE,
chyyuu,chyyuu/api-compat-study,2023-09-08T03:43:18Z,1,1,,TRUE,TRUE,
chyyuu,chyyuu/diy_orange_os,2018-03-09T02:27:07Z,6,6,C,TRUE,TRUE,
chyyuu,chyyuu/v9-cpu,2016-02-20T17:18:32Z,16,16,C,TRUE,TRUE,GNU General Public License v2.0
chyyuu,chyyuu/LoongsonCsprj2017-manual,2018-02-25T03:21:37Z,2,2,,TRUE,TRUE,GNU General Public License v3.0
chyyuu,chyyuu/tailbench,2018-01-24T12:17:41Z,5,5,C++,TRUE,TRUE,Other
chyyuu,chyyuu/llvm-clang-samples,2014-06-26T01:01:58Z,0,0,C++,TRUE,TRUE,
chyyuu,chyyuu/compiler_course_exercise,2017-11-30T10:30:26Z,0,0,,TRUE,TRUE,
chyyuu,chyyuu/rid-bug-reports,2017-11-23T02:47:44Z,0,0,,TRUE,TRUE,
chyyuu,chyyuu/kAFL,2017-11-17T02:25:33Z,6,6,Python,TRUE,TRUE,GNU General Public License v2.0
chyyuu,chyyuu/Learn-Python-The-Hard-Way,2018-04-04T13:45:39Z,0,0,Python,TRUE,TRUE,
chyyuu,chyyuu/course_exercise_applet,2017-09-03T14:43:47Z,1,1,JavaScript,TRUE,TRUE,
chyyuu,chyyuu/kernel-call-graph,2017-10-15T07:36:33Z,3,3,Shell,TRUE,TRUE,
chyyuu,chyyuu/rt-patch-analysis,2017-06-21T05:40:24Z,12,12,Python,TRUE,TRUE,
chyyuu,chyyuu/os_course_exercise_library,2015-05-14T13:26:05Z,87,87,Python,TRUE,TRUE,
chyyuu,chyyuu/aoapc-bac2nd,2018-08-01T12:44:34Z,0,0,C++,TRUE,TRUE,
chyyuu,chyyuu/yggdrasil,2017-07-27T01:58:52Z,0,0,Python,TRUE,FALSE,
chyyuu,chyyuu/linux-rt-devel,2017-06-25T15:06:47Z,0,0,C,TRUE,TRUE,Other
chyyuu,chyyuu/os_course_QA,2017-02-24T14:19:53Z,2,2,,TRUE,TRUE,
chyyuu,chyyuu/build-linux,2017-05-10T11:34:03Z,0,0,Shell,TRUE,TRUE,Other
chyyuu,chyyuu/dune-arm,2017-04-08T00:05:00Z,3,3,C,TRUE,TRUE,
chyyuu,chyyuu/recc,2016-01-15T13:10:50Z,0,0,C,TRUE,TRUE,Apache License 2.0
chyyuu,chyyuu/os2017-scores,2017-03-20T14:53:55Z,0,0,,TRUE,TRUE,
chyyuu,chyyuu/userguide-analysis,2017-03-06T10:01:51Z,0,0,,TRUE,TRUE,
chyyuu,chyyuu/selfie,2017-03-05T16:19:07Z,0,0,C,TRUE,TRUE,"BSD 2-Clause ""Simplified"" License"
chyyuu,chyyuu/symexe,2012-10-22T08:40:31Z,95,95,C,TRUE,TRUE,
chyyuu,chyyuu/ucore-risc-v,2016-12-01T14:55:07Z,3,3,,TRUE,TRUE,
chyyuu,chyyuu/lkp-tests,2017-01-11T05:41:23Z,0,0,Shell,TRUE,TRUE,
chyyuu,chyyuu/bcc,2016-11-10T14:45:21Z,0,0,C++,TRUE,TRUE,Apache License 2.0
chyyuu,chyyuu/CheatSheet,2021-01-23T00:27:44Z,0,0,,TRUE,TRUE,MIT License
chyyuu,chyyuu/nginx_ix,2016-08-12T14:22:34Z,0,0,,TRUE,TRUE,"BSD 2-Clause ""Simplified"" License"
chyyuu,chyyuu/httpserver,2016-08-04T01:33:06Z,1,1,Python,TRUE,TRUE,"BSD 2-Clause ""Simplified"" License"
chyyuu,chyyuu/pydgin,2016-10-16T07:18:32Z,0,0,Python,TRUE,TRUE,"BSD 3-Clause ""New"" or ""Revised"" License"
chyyuu,chyyuu/net-next-nuse,2016-01-06T13:35:58Z,1,1,C,TRUE,TRUE,Other
chyyuu,chyyuu/linux-libos-tools,2016-07-18T10:41:25Z,0,0,C,TRUE,FALSE,GNU General Public License v2.0
chyyuu,chyyuu/nuse-msmt,2016-07-18T10:24:11Z,0,0,Shell,TRUE,TRUE,
chyyuu,chyyuu/memcached,2016-07-09T12:56:58Z,0,0,C,TRUE,TRUE,"BSD 3-Clause ""New"" or ""Revised"" License"
chyyuu,chyyuu/libevent,2016-07-09T12:58:50Z,0,0,C,TRUE,TRUE,Other
chyyuu,chyyuu/mal,2016-06-30T15:19:52Z,0,0,Swift,TRUE,TRUE,Other
chyyuu,chyyuu/ofp,2016-06-22T16:32:05Z,0,0,C,TRUE,TRUE,"BSD 3-Clause ""New"" or ""Revised"" License"
chyyuu,chyyuu/mooc-ExerciseMdf,2017-09-03T14:13:00Z,0,0,Python,TRUE,TRUE,
chyyuu,chyyuu/seastar,2016-06-10T16:00:32Z,0,0,C++,TRUE,TRUE,Apache License 2.0
chyyuu,chyyuu/libevent-examples,2016-06-04T13:52:32Z,1,1,C++,TRUE,TRUE,
chyyuu,chyyuu/simple-pt,2016-07-03T13:44:34Z,0,0,C,TRUE,TRUE,
chyyuu,chyyuu/design-pattern-java-source-code,2016-09-27T09:54:10Z,0,0,Java,TRUE,TRUE,Apache License 2.0
chyyuu,chyyuu/processor-trace,2016-07-03T13:44:42Z,0,0,C,TRUE,FALSE,"BSD 3-Clause ""New"" or ""Revised"" License"
chyyuu,chyyuu/ui-ux,2016-03-18T01:49:30Z,0,0,HTML,TRUE,TRUE,
chyyuu,chyyuu/kernelci-analysis,2016-03-05T08:43:49Z,0,0,,TRUE,TRUE,
chyyuu,chyyuu/learn-rust-the-hard-way,2019-07-03T16:09:09Z,0,0,Rust,TRUE,TRUE,
chyyuu,chyyuu/performance-bugs,2016-07-02T15:12:36Z,0,0,Assembly,TRUE,TRUE,
chyyuu,chyyuu/ski-script,2016-06-28T08:41:29Z,0,0,Shell,TRUE,TRUE,
chyyuu,chyyuu/ski-fsstress,2016-06-28T08:41:20Z,0,0,C++,TRUE,TRUE,
chyyuu,chyyuu/ipaugenblick,2016-06-10T13:34:27Z,0,0,C,TRUE,TRUE,Other
chyyuu,chyyuu/ucore_os_web,2015-04-24T11:07:03Z,2,2,C,TRUE,TRUE,GNU General Public License v2.0
chyyuu,chyyuu/ski-wrapper,2016-06-28T08:40:49Z,0,0,C,TRUE,TRUE,
chyyuu,chyyuu/ski-uselib,2016-06-28T08:40:36Z,0,0,C,TRUE,TRUE,
chyyuu,chyyuu/gist-static-analyzer,2016-07-03T13:41:44Z,0,0,C++,TRUE,TRUE,Other
chyyuu,chyyuu/lighttpd_ported,2016-06-10T14:03:11Z,0,0,C,TRUE,TRUE,"BSD 3-Clause ""New"" or ""Revised"" License"
chyyuu,chyyuu/ski-testcase,2016-06-28T08:40:18Z,0,0,C,TRUE,TRUE,
chyyuu,chyyuu/ski-qemu,2016-06-28T08:38:47Z,0,0,C,TRUE,TRUE,Other
chyyuu,chyyuu/linux_api_diff,2015-08-17T09:21:12Z,0,0,C,TRUE,TRUE,
chyyuu,chyyuu/juxta,2017-05-16T02:44:38Z,0,0,C++,TRUE,TRUE,
chyyuu,chyyuu/hello-world,2015-11-08T00:02:48Z,0,0,C,TRUE,TRUE,
chyyuu,chyyuu/bugbase,2016-07-03T13:42:22Z,0,0,Python,TRUE,TRUE,Other
chyyuu,chyyuu/manifest,2015-09-22T15:15:01Z,0,0,,TRUE,TRUE,
chyyuu,chyyuu/jor1k,2015-09-19T03:59:18Z,0,0,JavaScript,TRUE,TRUE,"BSD 2-Clause ""Simplified"" License"
chyyuu,chyyuu/scylladb-dpdk,2016-06-10T16:52:30Z,0,0,C,TRUE,TRUE,Other
chyyuu,chyyuu/kmoddemo,2015-08-21T02:21:18Z,0,0,Makefile,TRUE,TRUE,
chyyuu,chyyuu/header-gen,2015-05-07T03:31:52Z,0,0,Python,TRUE,TRUE,
chyyuu,chyyuu/tcptest,2015-08-08T12:03:07Z,0,0,,TRUE,FALSE,
chyyuu,chyyuu/uclassroom-xblock,2015-07-19T04:36:20Z,0,0,Python,TRUE,TRUE,
chyyuu,chyyuu/computationbook,2023-09-11T15:09:39Z,0,0,,TRUE,FALSE,Other
chyyuu,chyyuu/mtcp,2015-07-16T17:03:51Z,1,1,C,TRUE,TRUE,Other
chyyuu,chyyuu/LLVMSlicer,2014-06-30T05:15:46Z,0,0,C++,TRUE,TRUE,
chyyuu,chyyuu/aos-2015,2015-06-16T15:42:15Z,0,0,C,TRUE,TRUE,
chyyuu,chyyuu/tiny_linux_pxx199181,2015-11-04T13:51:14Z,1,1,C,TRUE,TRUE,
chyyuu,chyyuu/tiny_linux_ChildIsTalent,2015-11-04T13:54:30Z,6,6,Batchfile,TRUE,TRUE,
chyyuu,chyyuu/tiny_linux_SunliyMonkey,2015-11-04T13:53:36Z,1,1,Shell,TRUE,TRUE,
chyyuu,chyyuu/tiny_linux_ir193,2015-06-07T16:47:49Z,0,0,Shell,TRUE,TRUE,
chyyuu,chyyuu/Learning-Emacs,2015-06-12T00:19:19Z,0,0,Emacs Lisp,TRUE,TRUE,
chyyuu,chyyuu/uclassroom-node,2015-07-20T14:36:10Z,0,0,CSS,TRUE,TRUE,
chyyuu,chyyuu/git-autotester,2015-07-20T14:38:50Z,0,0,Shell,TRUE,TRUE,
chyyuu,chyyuu/pomodoro-punch,2015-05-10T14:59:32Z,0,0,Python,TRUE,TRUE,
chyyuu,chyyuu/punch,2015-05-10T15:00:13Z,0,0,Python,TRUE,TRUE,GNU General Public License v3.0
chyyuu,chyyuu/buddy2,2015-04-25T01:31:22Z,0,0,C,TRUE,TRUE,
chyyuu,chyyuu/k-vim,2015-04-14T01:12:40Z,0,0,VimL,TRUE,TRUE,
chyyuu,chyyuu/ucore-driver,2015-04-23T16:10:49Z,0,0,C,TRUE,TRUE,
chyyuu,chyyuu/leetcode-solutions,2015-04-17T07:43:32Z,4,4,C++,TRUE,TRUE,
chyyuu,chyyuu/panda,2015-04-08T13:56:44Z,0,0,C,TRUE,TRUE,
chyyuu,chyyuu/ACM,2015-04-17T07:43:25Z,4,4,C++,TRUE,TRUE,
chyyuu,chyyuu/distorm,2015-04-08T14:55:44Z,0,0,C,TRUE,FALSE,GNU General Public License v3.0
chyyuu,chyyuu/virtuoso,2015-04-08T13:54:50Z,0,0,,TRUE,FALSE,
chyyuu,chyyuu/seedlab,2015-05-11T13:44:03Z,0,0,,TRUE,TRUE,
chyyuu,chyyuu/gitbook-plugin-grivs,2015-04-09T14:37:51Z,0,0,JavaScript,TRUE,TRUE,Apache License 2.0
chyyuu,chyyuu/beginning-android-games,2016-01-30T03:59:36Z,0,0,Java,TRUE,FALSE,
chyyuu,chyyuu/edx-documentation,2015-03-08T14:12:41Z,0,0,CSS,TRUE,TRUE,
chyyuu,chyyuu/ucorebook_code,2014-09-21T09:57:16Z,153,153,C,TRUE,TRUE,GNU General Public License v2.0
chyyuu,chyyuu/study-linux-vm-64bit,2016-06-12T01:09:41Z,2,2,C,TRUE,TRUE,GNU General Public License v2.0
chyyuu,chyyuu/gitbook,2015-04-09T14:25:48Z,0,0,JavaScript,TRUE,FALSE,Apache License 2.0
chyyuu,chyyuu/study-linux-vm-32bit,2016-06-12T01:09:27Z,0,0,C,TRUE,TRUE,GNU General Public License v2.0
chyyuu,chyyuu/cheat,2014-12-17T02:50:29Z,0,0,Python,TRUE,TRUE,GNU General Public License v3.0
chyyuu,chyyuu/decaf-platform,2014-08-03T08:15:14Z,1,1,C,TRUE,TRUE,Other
chyyuu,chyyuu/FreeRTOS-GDB,2015-04-10T01:24:00Z,0,0,Python,TRUE,TRUE,GNU General Public License v2.0
chyyuu,chyyuu/leetcode,2014-10-26T14:27:59Z,5,5,,TRUE,TRUE,
chyyuu,chyyuu/giri,2014-06-30T07:06:43Z,0,0,Shell,TRUE,TRUE,Other
chyyuu,chyyuu/fastsocket-1,2014-08-19T06:58:05Z,0,0,,TRUE,TRUE,
chyyuu,chyyuu/tfd,2014-08-13T03:41:05Z,0,0,C,TRUE,TRUE,
chyyuu,chyyuu/lab8,2014-08-04T07:13:04Z,1,1,C,TRUE,TRUE,
chyyuu,chyyuu/decaf,2014-08-02T10:25:06Z,0,0,,TRUE,TRUE,
chyyuu,chyyuu/s2e,2014-08-12T01:34:41Z,0,0,,TRUE,TRUE,Other
chyyuu,chyyuu/clang,2014-07-25T15:49:38Z,0,0,C++,TRUE,FALSE,Other
chyyuu,chyyuu/llvm,2014-07-25T15:48:11Z,0,0,,TRUE,FALSE,Other
chyyuu,chyyuu/compiler-rt,2014-07-25T16:38:42Z,0,0,,TRUE,FALSE,Other
chyyuu,chyyuu/libcxx,2014-07-25T15:48:04Z,0,0,,TRUE,FALSE,Other
chyyuu,chyyuu/clang-tools-extra,2014-07-25T15:50:58Z,0,0,,TRUE,TRUE,Other
chyyuu,chyyuu/woboq_codebrowser,2014-07-13T06:51:08Z,0,0,,TRUE,TRUE,
chyyuu,chyyuu/calculator,2014-06-11T12:37:37Z,0,0,C,TRUE,TRUE,
chyyuu,chyyuu/spdiff,2014-06-13T16:03:00Z,0,0,C,TRUE,TRUE,
chyyuu,chyyuu/ycmd,2014-07-13T02:27:36Z,0,0,,TRUE,TRUE,GNU General Public License v3.0
chyyuu,chyyuu/Cpp-Primer,2014-07-23T09:29:45Z,1,1,,TRUE,TRUE,
chyyuu,chyyuu/flexsc,2019-02-27T15:15:42Z,0,0,C,TRUE,TRUE,
chyyuu,chyyuu/klee,2014-06-30T14:52:39Z,0,0,C,TRUE,TRUE,Other
chyyuu,chyyuu/fastsocket,2014-05-13T06:38:46Z,1,1,C,TRUE,TRUE,
chyyuu,chyyuu/aoapc-book,2018-08-01T12:43:31Z,2,2,C++,TRUE,TRUE,
chyyuu,chyyuu/perfevo,2016-07-02T15:12:49Z,0,0,C++,TRUE,TRUE,
chyyuu,chyyuu/klee-uclibc,2014-06-30T14:54:13Z,0,0,C,TRUE,TRUE,GNU Lesser General Public License v2.1
chyyuu,chyyuu/commuter,2013-11-03T02:58:11Z,0,0,Python,TRUE,TRUE,
chyyuu,chyyuu/mtrace,2013-11-03T03:00:52Z,0,0,C,TRUE,TRUE,Other
chyyuu,chyyuu/libelfin,2013-11-03T03:00:35Z,0,0,C++,TRUE,TRUE,MIT License
chyyuu,chyyuu/researchmit,2013-02-11T23:45:37Z,1,1,CSS,TRUE,TRUE,
chyyuu,chyyuu/driverstudy,2014-07-24T15:13:22Z,0,0,,TRUE,TRUE,
chyyuu,chyyuu/mit-cse-course,2013-02-06T16:35:53Z,8,8,PHP,TRUE,TRUE,
chyyuu,chyyuu/mit-ds-course,2013-02-05T19:51:29Z,58,58,PHP,TRUE,TRUE,
chyyuu,chyyuu/ucore_lib_bioniclibc,2012-09-10T02:32:12Z,0,0,C,TRUE,TRUE,
chyyuu,chyyuu/ucore_lib_uclibc,2012-09-10T02:30:47Z,2,2,C,TRUE,TRUE,
chyyuu,chyyuu/ucore-x64-with-golang,2013-02-26T02:58:15Z,2,2,Go,TRUE,TRUE,
chyyuu,chyyuu/team-collaboration-github,2015-12-26T05:21:00Z,0,0,JavaScript,TRUE,TRUE,
chyyuu,chyyuu/ucore_tool_s2e,2012-09-16T03:01:19Z,1,1,C,TRUE,TRUE,
chyyuu,chyyuu/kis,2012-12-10T07:40:03Z,0,0,,TRUE,TRUE,
chyyuu,chyyuu/kaiyuanbook,2014-09-21T17:31:25Z,0,0,,TRUE,TRUE,
chyyuu,chyyuu/LASO,2014-09-21T17:51:05Z,0,0,,TRUE,TRUE,
chyyuu,chyyuu/sublib1,2012-10-22T03:57:10Z,0,0,C,TRUE,TRUE,
chyyuu,chyyuu/tools_qemu_analysis,2012-10-15T02:35:32Z,0,0,,TRUE,TRUE,
chyyuu,chyyuu/pygirl,2016-10-16T08:50:26Z,0,0,Python,TRUE,TRUE,Other
chyyuu,chyyuu/ucore_edu,2012-09-19T05:49:32Z,0,0,C,TRUE,TRUE,
chyyuu,chyyuu/ucore_pub,2012-09-27T00:07:33Z,41,41,,TRUE,TRUE,
chyyuu,chyyuu/pervcomp_app_perceive_action_in_smartspace,2012-09-19T09:27:11Z,0,0,,TRUE,TRUE,
chyyuu,chyyuu/ucore_app_minigui,2012-09-10T02:33:00Z,0,0,,TRUE,TRUE,
chyyuu,chyyuu/ucore-arch-arm,2012-08-01T14:20:17Z,2,2,C,TRUE,TRUE,
chyyuu,chyyuu/PL0-Language-Tools,2016-10-16T02:46:45Z,0,0,Python,TRUE,TRUE,
chyyuu,chyyuu/ucore-arm-userapp,2012-08-01T14:20:51Z,1,1,C,TRUE,TRUE,
chyyuu,chyyuu/regex_tutorial,2014-07-23T13:11:09Z,0,0,,TRUE,TRUE,
chyyuu,chyyuu/hello-world-old,2015-11-08T00:07:04Z,0,0,C,TRUE,TRUE,
cch123,cch123/cch123,2020-07-09T03:47:23Z,8,8,,TRUE,TRUE,
cch123,cch123/gogctuner,2022-01-18T10:03:26Z,218,218,Go,FALSE,FALSE,Other
cch123,cch123/asm-cli-rust,2019-01-17T08:45:58Z,320,320,Rust,FALSE,FALSE,Other
cch123,cch123/crypto-ecosystems,2024-03-28T06:21:51Z,1,1,Rust,TRUE,TRUE,Other
cch123,cch123/solana-sniper-bot,2024-03-27T06:12:49Z,1,1,,TRUE,TRUE,Microsoft Public License
cch123,cch123/test,2016-02-11T15:35:05Z,16,16,HTML,FALSE,FALSE,
cch123,cch123/scroll,2023-12-08T14:31:21Z,1,1,,TRUE,TRUE,MIT License
cch123,cch123/supermonkey,2020-09-03T11:48:09Z,251,251,Go,FALSE,FALSE,MIT License
cch123,cch123/solidity-expert,2023-11-10T08:59:04Z,2,2,,TRUE,TRUE,
cch123,cch123/elasticsql,2016-08-24T07:29:43Z,1173,1173,Go,FALSE,TRUE,MIT License
cch123,cch123/elastic-rs,2019-01-20T17:40:39Z,51,51,Rust,FALSE,FALSE,MIT License
cch123,cch123/fetch_fans,2023-06-21T06:34:22Z,1,1,Python,TRUE,TRUE,
cch123,cch123/voice-clone-demo,2023-04-10T09:52:06Z,2,2,Python,TRUE,TRUE,
cch123,cch123/whisper-tts,2023-04-07T13:43:54Z,20,20,Go,FALSE,FALSE,
cch123,cch123/moda,2023-04-07T09:34:35Z,1,1,Go,TRUE,TRUE,
cch123,cch123/modb,2023-04-07T09:34:49Z,1,1,Go,TRUE,TRUE,
cch123,cch123/vits-finetuning,2023-04-06T05:10:41Z,1,1,,TRUE,TRUE,MIT License
cch123,cch123/how-ai-will-change-our-work,2023-03-07T05:43:32Z,20,20,,TRUE,TRUE,Apache License 2.0
cch123,cch123/go-zero,2023-01-03T02:28:56Z,1,1,Go,TRUE,FALSE,MIT License
cch123,cch123/sarama,2022-11-06T06:30:53Z,1,1,Go,TRUE,TRUE,MIT License
cch123,cch123/golang-notes,2018-04-04T05:21:51Z,3952,3952,HTML,TRUE,FALSE,Other
cch123,cch123/sqlc,2022-05-12T04:05:30Z,1,1,,TRUE,FALSE,MIT License
cch123,cch123/go-ddd,2022-04-26T13:51:54Z,22,22,Go,TRUE,TRUE,MIT License
cch123,cch123/sqlparser-rs-1,2022-01-10T16:27:13Z,1,1,,TRUE,TRUE,Apache License 2.0
cch123,cch123/linux-network-performance-parameters,2022-01-06T19:14:10Z,3,3,,TRUE,TRUE,"BSD 3-Clause ""New"" or ""Revised"" License"
cch123,cch123/go,2020-10-17T06:29:54Z,1,1,Go,TRUE,TRUE,"BSD 3-Clause ""New"" or ""Revised"" License"
cch123,cch123/awesome-gc,2021-06-07T08:15:35Z,70,70,,FALSE,FALSE,
cch123,cch123/parsing-and-go,2021-12-23T10:13:29Z,1,1,,TRUE,TRUE,MIT License
cch123,cch123/Psyduck,2021-07-16T10:51:28Z,21,21,,TRUE,TRUE,
cch123,cch123/perf_workshop_2021,2021-06-21T15:59:09Z,13,13,Go,TRUE,TRUE,
cch123,cch123/history,2021-06-07T11:09:06Z,1,1,Go,TRUE,FALSE,MIT License
cch123,cch123/awesome-go,2021-06-07T08:17:23Z,2,2,,TRUE,FALSE,MIT License
cch123,cch123/paper-translation-project,2021-05-01T17:48:01Z,1,1,,TRUE,TRUE,
cch123,cch123/knowledge-index,2018-06-03T10:28:57Z,11,11,,FALSE,FALSE,
cch123,cch123/google-sre-ebook,2021-05-06T10:38:33Z,1,1,,TRUE,TRUE,Do What The F*ck You Want To Public License
cch123,cch123/cch123.github.io,2019-05-17T06:08:13Z,8,8,HTML,FALSE,FALSE,
cch123,cch123/pyroscope,2021-03-10T10:29:56Z,1,1,,TRUE,FALSE,Apache License 2.0
cch123,cch123/go-profiler-notes,2021-03-06T13:10:22Z,0,0,,TRUE,TRUE,Creative Commons Attribution Share Alike 4.0 International
cch123,cch123/gotraining,2021-03-01T13:22:52Z,2,2,,TRUE,TRUE,Other
cch123,cch123/mosn,2020-10-28T08:41:38Z,0,0,Go,TRUE,FALSE,Apache License 2.0
cch123,cch123/GopherCon2021IsraelStaticAnalysisWorkshop,2021-06-12T12:03:35Z,0,0,,TRUE,TRUE,
cch123,cch123/goc,2021-02-02T03:41:55Z,0,0,,TRUE,TRUE,Apache License 2.0
cch123,cch123/Go-Stalker,2021-01-21T02:49:29Z,0,0,,TRUE,TRUE,
cch123,cch123/proposal,2021-01-21T03:37:55Z,0,0,,TRUE,FALSE,"BSD 3-Clause ""New"" or ""Revised"" License"
cch123,cch123/bottlenecks-go,2020-11-23T07:20:49Z,11,11,,TRUE,TRUE,
cch123,cch123/Carrier-Owl,2021-01-04T13:17:05Z,0,0,,TRUE,TRUE,MIT License
cch123,cch123/pkg,2020-07-01T08:54:30Z,0,0,,TRUE,TRUE,Apache License 2.0
cch123,cch123/tgstore,2020-12-22T11:40:37Z,0,0,,TRUE,TRUE,MIT License
cch123,cch123/asmshare,2019-03-14T04:43:16Z,365,365,,FALSE,FALSE,
cch123,cch123/gping,2020-12-16T05:28:00Z,0,0,,TRUE,TRUE,MIT License
cch123,cch123/rvemu-for-book,2020-11-26T15:10:21Z,0,0,,TRUE,TRUE,MIT License
cch123,cch123/statsviz,2020-12-01T05:43:42Z,0,0,,TRUE,TRUE,MIT License
cch123,cch123/ristretto,2020-11-17T08:26:33Z,0,0,,TRUE,FALSE,Apache License 2.0
cch123,cch123/mosn.io,2020-05-19T12:17:26Z,0,0,CSS,TRUE,TRUE,Apache License 2.0
cch123,cch123/gnet,2020-11-16T03:01:20Z,0,0,,TRUE,TRUE,MIT License
cch123,cch123/parser_example,2019-02-01T04:46:40Z,15,15,Rust,FALSE,FALSE,
cch123,cch123/gcoredump,2020-10-28T10:46:26Z,0,0,,TRUE,TRUE,
cch123,cch123/eco2020,2020-07-28T16:10:08Z,34,34,,FALSE,FALSE,
cch123,cch123/seata,2020-10-02T12:52:59Z,0,0,,TRUE,TRUE,Apache License 2.0
cch123,cch123/wirefilter,2020-11-05T11:23:25Z,0,0,,TRUE,FALSE,MIT License
cch123,cch123/threadkill,2020-09-16T05:46:03Z,2,2,Go,TRUE,TRUE,
cch123,cch123/ent,2020-08-19T16:34:42Z,0,0,,TRUE,TRUE,Apache License 2.0
cch123,cch123/crawlers,2020-07-25T13:14:50Z,0,0,Go,FALSE,FALSE,
cch123,cch123/traefik,2020-08-04T09:53:55Z,0,0,,TRUE,TRUE,MIT License
cch123,cch123/stackdiff,2020-08-01T09:12:09Z,2,2,,TRUE,TRUE,
cch123,cch123/bfe,2020-07-27T15:26:25Z,0,0,Go,TRUE,TRUE,Apache License 2.0
cch123,cch123/nc,2020-05-31T13:24:11Z,0,0,Go,FALSE,FALSE,
cch123,cch123/mosn_easy_configure,2020-06-10T13:03:28Z,1,1,Vue,TRUE,TRUE,
cch123,cch123/clean-architecture-manga,2020-07-15T11:58:26Z,0,0,,TRUE,TRUE,Apache License 2.0
cch123,cch123/cgroups,2020-07-14T07:00:02Z,0,0,,TRUE,TRUE,Apache License 2.0
cch123,cch123/clash,2020-07-03T07:55:02Z,0,0,,TRUE,TRUE,GNU General Public License v3.0
cch123,cch123/dubbo-go,2020-04-09T09:08:09Z,0,0,Go,TRUE,TRUE,Apache License 2.0
cch123,cch123/gopsutil,2020-06-23T05:48:41Z,0,0,,TRUE,TRUE,Other
cch123,cch123/quinn,2020-06-24T06:20:19Z,0,0,,TRUE,TRUE,Apache License 2.0
cch123,cch123/quiche,2020-06-15T11:40:17Z,0,0,,TRUE,TRUE,"BSD 2-Clause ""Simplified"" License"
cch123,cch123/tsar,2021-03-23T09:38:13Z,1,1,,TRUE,TRUE,Apache License 2.0
cch123,cch123/goroutineid,2018-04-25T11:48:04Z,58,58,Go,FALSE,FALSE,
cch123,cch123/examples,2020-05-26T03:51:26Z,0,0,Go,TRUE,TRUE,Apache License 2.0
cch123,cch123/gomod-conflict-detect,2020-04-18T16:23:20Z,49,49,Go,FALSE,FALSE,
cch123,cch123/gomodexp,2020-04-17T07:06:10Z,1,1,Go,TRUE,TRUE,
cch123,cch123/envoy,2020-03-21T08:27:51Z,0,0,,TRUE,FALSE,Apache License 2.0
cch123,cch123/linkerd2-proxy,2020-03-19T08:30:25Z,0,0,,TRUE,FALSE,Apache License 2.0
cch123,cch123/leetcode-rust,2018-12-21T08:37:02Z,51,51,Rust,FALSE,FALSE,
cch123,cch123/binding,2019-12-25T05:15:24Z,0,0,Go,TRUE,TRUE,
cch123,cch123/caddy,2019-12-19T09:17:53Z,0,0,,TRUE,TRUE,Apache License 2.0
cch123,cch123/usql,2019-12-17T12:11:52Z,1,1,Go,TRUE,TRUE,MIT License
cch123,cch123/wrkrs,2019-12-05T12:06:54Z,1,1,Rust,FALSE,FALSE,
cch123,cch123/etym,2021-10-08T18:51:25Z,0,0,,TRUE,TRUE,Apache License 2.0
cch123,cch123/news,2019-10-30T12:39:06Z,0,0,Rust,FALSE,FALSE,
cch123,cch123/cqeb,2019-11-23T17:45:40Z,0,0,,TRUE,TRUE,
cch123,cch123/eng-practices,2019-09-07T14:53:29Z,0,0,,TRUE,TRUE,Other
cch123,cch123/asciidoc-rs,2019-07-29T08:44:33Z,10,10,Rust,TRUE,FALSE,
cch123,cch123/mysql-deadlocks,2020-05-31T03:54:42Z,1,1,,TRUE,TRUE,
cch123,cch123/expr,2019-08-18T17:35:09Z,0,0,Go,TRUE,FALSE,MIT License
cch123,cch123/pest_gen,2019-08-09T08:40:21Z,1,1,Rust,TRUE,TRUE,
cch123,cch123/redis-4.0,2019-10-14T09:02:08Z,0,0,,TRUE,FALSE,"BSD 3-Clause ""New"" or ""Revised"" License"
cch123,cch123/pan-light,2019-07-09T05:10:25Z,7,7,Go,TRUE,TRUE,GNU Lesser General Public License v3.0
cch123,cch123/cheats.rs,2019-07-09T04:43:19Z,0,0,Rust,TRUE,FALSE,
cch123,cch123/v2ray,2019-07-01T06:23:56Z,0,0,,TRUE,TRUE,
cch123,cch123/libra,2019-06-18T10:38:14Z,0,0,Rust,TRUE,TRUE,Apache License 2.0
cch123,cch123/fastcache,2019-06-13T03:00:32Z,0,0,Go,TRUE,TRUE,MIT License
cch123,cch123/reflect-examples,2019-07-09T05:50:14Z,1,1,,TRUE,TRUE,
cch123,cch123/clashX,2019-06-06T08:11:42Z,0,0,,TRUE,TRUE,
cch123,cch123/V2rayU,2019-06-03T05:49:09Z,1,1,Swift,TRUE,TRUE,GNU Lesser General Public License v3.0
cch123,cch123/chisel,2019-06-06T06:04:05Z,2,2,Go,TRUE,TRUE,
cch123,cch123/talent-plan,2019-05-07T09:51:24Z,2,2,JavaScript,TRUE,TRUE,
cch123,cch123/vTemplate,2019-06-03T14:55:13Z,0,0,,TRUE,TRUE,
cch123,cch123/hessian2,2019-04-28T03:43:32Z,0,0,Go,TRUE,TRUE,Apache License 2.0
cch123,cch123/high-performance-go-workshop,2019-05-21T09:21:03Z,0,0,Go,TRUE,TRUE,
cch123,cch123/patterngo,2019-04-21T14:55:22Z,0,0,,TRUE,TRUE,
cch123,cch123/douyin-api,2023-06-23T04:59:10Z,0,0,,TRUE,TRUE,
cch123,cch123/algorithms,2019-04-28T14:24:25Z,2,2,,TRUE,TRUE,
cch123,cch123/global-snapshot-demo,2019-04-04T17:14:43Z,0,0,,FALSE,FALSE,
cch123,cch123/V2RayX,2019-06-03T13:53:08Z,0,0,Objective-C,TRUE,TRUE,GNU General Public License v3.0
cch123,cch123/IDDD_Samples,2019-10-06T12:18:13Z,0,0,,TRUE,TRUE,Other
cch123,cch123/n-sql,2019-03-27T11:16:07Z,0,0,Rust,TRUE,FALSE,Apache License 2.0
cch123,cch123/streaming,2019-03-19T16:12:12Z,0,0,,FALSE,FALSE,
cch123,cch123/collins-wordlist,2019-03-11T07:45:23Z,5,5,,FALSE,FALSE,
cch123,cch123/demoit,2019-02-13T06:29:20Z,1,1,Go,TRUE,FALSE,Apache License 2.0
cch123,cch123/rust-book-code-collect,2019-02-04T11:35:46Z,8,8,Rust,FALSE,FALSE,
cch123,cch123/shadowsocks-rust,2019-02-04T12:42:36Z,1,1,Rust,TRUE,TRUE,MIT License
cch123,cch123/lalrpop,2019-01-29T15:25:23Z,0,0,Rust,TRUE,TRUE,Apache License 2.0
cch123,cch123/monkey,2018-02-05T13:46:52Z,1,1,Go,FALSE,FALSE,
cch123,cch123/algorithm-visualizer,2019-01-28T05:23:56Z,1,1,JavaScript,TRUE,TRUE,MIT License
cch123,cch123/pulsar-client-go,2019-02-23T07:50:04Z,1,1,Go,TRUE,FALSE,Apache License 2.0
cch123,cch123/open-source-cs,2019-01-27T16:14:30Z,1,1,,TRUE,TRUE,
cch123,cch123/awesome-rust,2019-01-21T09:11:24Z,1,1,Rust,TRUE,FALSE,
cch123,cch123/tla-plus,2019-03-07T17:21:01Z,1,1,TLA,TRUE,TRUE,Apache License 2.0
cch123,cch123/asm-cli,2017-09-04T13:22:43Z,260,260,Go,FALSE,FALSE,MIT License
cch123,cch123/go-patterns,2019-02-04T13:02:45Z,1,1,Go,TRUE,FALSE,Apache License 2.0
cch123,cch123/peg,2019-01-24T03:38:26Z,1,1,Go,TRUE,TRUE,"BSD 3-Clause ""New"" or ""Revised"" License"
cch123,cch123/notes,2019-02-01T13:01:35Z,1,1,HTML,TRUE,TRUE,
cch123,cch123/leetcode-go,2018-07-10T05:34:13Z,80,80,Go,FALSE,FALSE,
cch123,cch123/coreutils,2019-01-20T17:43:12Z,1,1,Rust,TRUE,TRUE,MIT License
cch123,cch123/exp-httpclient,2021-07-24T14:05:54Z,0,0,,TRUE,FALSE,
cch123,cch123/fd,2018-12-26T16:23:33Z,1,1,Rust,TRUE,FALSE,Apache License 2.0
cch123,cch123/gopl-zh.github.com,2018-12-29T05:30:19Z,4,4,Go,TRUE,FALSE,"BSD 3-Clause ""New"" or ""Revised"" License"
cch123,cch123/ddia-references,2019-01-31T08:44:12Z,1,1,,TRUE,TRUE,
cch123,cch123/hazama,2018-12-01T16:21:30Z,1,1,,TRUE,TRUE,
cch123,cch123/DrTLAPlus,2019-04-02T15:13:26Z,0,0,TLA,TRUE,FALSE,
cch123,cch123/rust-iterators,2019-01-01T16:28:19Z,1,1,Rust,TRUE,TRUE,Other
cch123,cch123/v2ray-core,2018-11-03T19:07:54Z,1,1,Go,TRUE,FALSE,MIT License
cch123,cch123/structs,2016-04-04T07:45:40Z,1,1,Go,TRUE,TRUE,
cch123,cch123/V2Ray_h2-tls_Website_onekey,2019-06-03T14:54:10Z,0,0,Shell,TRUE,TRUE,
cch123,cch123/pest_calc,2019-02-01T13:19:57Z,1,1,Rust,TRUE,TRUE,
cch123,cch123/too-many-lists,2018-12-24T03:13:19Z,1,1,Rust,TRUE,TRUE,MIT License
cch123,cch123/algos-svg,2018-08-14T09:11:56Z,1,1,,TRUE,TRUE,
cch123,cch123/pigeon,2018-08-28T04:58:53Z,1,1,Go,TRUE,TRUE,"BSD 3-Clause ""New"" or ""Revised"" License"
cch123,cch123/go-for-go-book,2018-08-29T02:54:02Z,1,1,Ruby,TRUE,TRUE,
cch123,cch123/crawl_log,2018-07-21T19:47:09Z,1,1,Go,TRUE,TRUE,
cch123,cch123/iapp,2018-06-19T14:46:20Z,18,18,Go,TRUE,TRUE,
cch123,cch123/blog_comment,2018-06-09T08:20:04Z,8,8,,FALSE,FALSE,
cch123,cch123/go-internals,2018-03-06T17:47:42Z,33,33,Go,TRUE,FALSE,Other
cch123,cch123/tdop.github.io,2019-02-01T09:42:15Z,1,1,HTML,TRUE,TRUE,
cch123,cch123/SimpleHTTPServerWithUpload,2018-03-14T08:33:35Z,4,4,Python,TRUE,TRUE,
cch123,cch123/llp-trans,2017-10-23T15:05:18Z,68,68,,FALSE,FALSE,
cch123,cch123/schema-parser,2017-11-24T05:21:19Z,1,1,,TRUE,TRUE,
cch123,cch123/cmake-learn,2018-04-08T03:02:46Z,2,2,CMake,TRUE,TRUE,
cch123,cch123/woboq-lua-5.0,2018-04-07T07:28:47Z,1,1,HTML,TRUE,TRUE,
cch123,cch123/woboq-script,2018-04-06T11:01:10Z,1,1,CMake,TRUE,TRUE,
cch123,cch123/woboq-nginx-1.13,2018-04-06T12:52:27Z,1,1,HTML,TRUE,TRUE,
cch123,cch123/woboq-redis-3.0,2018-04-06T13:19:31Z,1,1,HTML,TRUE,TRUE,
cch123,cch123/collins_dict,2019-03-13T17:23:42Z,0,0,Python,TRUE,TRUE,GNU General Public License v3.0
cch123,cch123/streaming-readings,2019-04-12T05:12:26Z,0,0,,TRUE,TRUE,
cch123,cch123/GoGraphviz,2019-09-20T03:37:52Z,0,0,,TRUE,TRUE,MIT License
cch123,cch123/golang_benchmarks,2019-06-09T19:22:57Z,0,0,Go,TRUE,TRUE,
cch123,cch123/nginx-annotated,2018-01-31T05:57:50Z,2,2,C,TRUE,TRUE,
cch123,cch123/httprouter-annotated,2018-01-04T03:36:25Z,1,1,Go,TRUE,FALSE,Other
cch123,cch123/concurrency-in-go-src,2018-06-09T14:34:41Z,10,10,Go,TRUE,FALSE,MIT License
cch123,cch123/pdf-url-remover,2017-10-22T13:43:11Z,1,1,Go,TRUE,TRUE,
cch123,cch123/wfouche.github.io,2019-05-17T06:54:07Z,0,0,HTML,TRUE,TRUE,
cch123,cch123/offheap,2019-01-16T02:47:23Z,2,2,Go,TRUE,TRUE,MIT License
cch123,cch123/go-styleguide,2017-08-04T02:15:49Z,30,30,,TRUE,FALSE,The Unlicense
cch123,cch123/sssniff,2017-12-05T03:32:26Z,0,0,Python,TRUE,TRUE,
cch123,cch123/wiser,2017-02-08T12:15:21Z,0,0,C,TRUE,TRUE,
cch123,cch123/raft-example-etcd,2017-01-03T02:39:12Z,0,0,Go,TRUE,TRUE,Apache License 2.0
cch123,cch123/freecache,2016-12-30T19:12:29Z,0,0,Go,TRUE,TRUE,MIT License
cch123,cch123/beanstalkd-annotated,2016-07-01T18:51:24Z,0,0,C,TRUE,TRUE,MIT License
cch123,cch123/inject,2015-11-25T03:31:33Z,0,0,Go,TRUE,TRUE,MIT License
cch123,cch123/dachuwang,2015-09-25T11:57:10Z,0,0,PHP,TRUE,TRUE,
cch123,cch123/prezto,2015-03-29T04:20:31Z,0,0,Shell,TRUE,FALSE,
cch123,cch123/PacketDrill_Tests,2020-10-13T08:11:28Z,0,0,,TRUE,TRUE,
cch123,cch123/python-editor,2010-09-22T05:33:30Z,0,0,C++,TRUE,TRUE,
rootsongjc,rootsongjc/rootsongjc.github.io,2015-02-28T06:37:17Z,11,11,HTML,FALSE,FALSE,
rootsongjc,rootsongjc/skywalking-website,2020-11-20T12:46:23Z,0,0,CSS,TRUE,FALSE,Apache License 2.0
rootsongjc,rootsongjc/img,2024-06-19T05:01:46Z,0,0,,TRUE,TRUE,
rootsongjc,rootsongjc/awesome-cloud-native,2017-07-15T13:50:48Z,2035,2035,HTML,FALSE,FALSE,Creative Commons Zero v1.0 Universal
rootsongjc,rootsongjc/kubernetes-handbook,2017-04-14T09:34:43Z,11124,11124,Shell,FALSE,FALSE,Creative Commons Attribution 4.0 International
rootsongjc,rootsongjc/picx-images-hosting,2024-07-18T07:23:11Z,0,0,,TRUE,TRUE,
rootsongjc,rootsongjc/istio-multi-cluster,2024-07-09T08:33:42Z,5,5,Shell,FALSE,FALSE,Apache License 2.0
rootsongjc,rootsongjc/istio-on-eks,2024-07-09T08:10:56Z,0,0,HCL,TRUE,TRUE,MIT No Attribution
rootsongjc,rootsongjc/picx,2024-06-18T01:56:10Z,0,0,TypeScript,FALSE,FALSE,GNU Affero General Public License v3.0
rootsongjc,rootsongjc/istio.io,2019-01-11T02:53:01Z,2,2,HTML,TRUE,FALSE,Apache License 2.0
rootsongjc,rootsongjc/cloud-native-library,2019-10-12T10:20:27Z,281,281,SCSS,FALSE,FALSE,
rootsongjc,rootsongjc/istio-events,2024-02-29T07:13:50Z,0,0,,TRUE,TRUE,
rootsongjc,rootsongjc/cilium,2024-01-09T09:41:21Z,0,0,Go,TRUE,FALSE,Apache License 2.0
rootsongjc,rootsongjc/istio-advisor-plus-gpt,2023-11-25T01:57:34Z,5,5,Python,TRUE,TRUE,Apache License 2.0
rootsongjc,rootsongjc/gateway,2022-10-21T03:02:55Z,0,0,Go,TRUE,TRUE,Apache License 2.0
rootsongjc,rootsongjc/envoy,2022-08-24T03:42:57Z,0,0,,TRUE,TRUE,Apache License 2.0
rootsongjc,rootsongjc/istio,2021-05-12T02:18:27Z,0,0,Go,TRUE,TRUE,Apache License 2.0
rootsongjc,rootsongjc/kubernetes-vagrant-centos-cluster,2018-02-01T08:48:26Z,1934,1934,Shell,TRUE,TRUE,Apache License 2.0
rootsongjc,rootsongjc/rootsongjc,2020-07-11T02:37:18Z,0,0,,TRUE,TRUE,
rootsongjc,rootsongjc/md,2020-07-31T08:22:08Z,1,1,Vue,TRUE,TRUE,Do What The F*ck You Want To Public License
rootsongjc,rootsongjc/cheatsheets,2017-11-19T07:51:05Z,37,37,JavaScript,FALSE,FALSE,Apache License 2.0
rootsongjc,rootsongjc/handbook-template,2022-03-02T02:06:28Z,4,4,Shell,FALSE,FALSE,Apache License 2.0
rootsongjc,rootsongjc/eng-practices,2019-09-09T14:26:41Z,241,241,HTML,FALSE,FALSE,Other
rootsongjc,rootsongjc/spark-on-k8s,2017-09-22T03:20:40Z,4,4,CSS,TRUE,TRUE,Apache License 2.0
rootsongjc,rootsongjc/magpie,2016-10-10T07:54:31Z,37,37,Go,TRUE,TRUE,Apache License 2.0
rootsongjc,rootsongjc/getistio.io,2021-02-10T15:17:56Z,0,0,HTML,TRUE,TRUE,Apache License 2.0
rootsongjc,rootsongjc/cloud-native-sandbox,2019-01-18T09:56:55Z,133,133,,TRUE,TRUE,Apache License 2.0
rootsongjc,rootsongjc/istio-service-mesh-handbook,2019-08-02T06:20:43Z,2,2,Makefile,TRUE,TRUE,Creative Commons Attribution 4.0 International
rootsongjc,rootsongjc/kubernetes-client-go-sample,2020-06-07T11:29:29Z,10,10,Go,TRUE,TRUE,Apache License 2.0
rootsongjc,rootsongjc/cloud-native-slides-share,2017-10-17T02:34:34Z,425,425,,TRUE,TRUE,
rootsongjc,rootsongjc/istio-tutorial,2018-04-18T06:23:32Z,74,74,Shell,TRUE,TRUE,
rootsongjc,rootsongjc/follow-me-install-kubernetes-cluster,2017-04-10T02:29:24Z,121,121,,TRUE,TRUE,Apache License 2.0
rootsongjc,rootsongjc/k8s-app-monitor-agent,2017-07-19T03:15:43Z,20,20,Go,TRUE,TRUE,
rootsongjc,rootsongjc/spark-on-kubernetes,2017-05-09T09:00:01Z,17,17,Shell,TRUE,TRUE,Apache License 2.0
rootsongjc,rootsongjc/distributed-load-testing-using-kubernetes,2017-04-24T09:11:37Z,62,62,Python,TRUE,TRUE,Apache License 2.0
rootsongjc,rootsongjc/ambassadors,2019-04-08T09:59:08Z,1,1,,TRUE,TRUE,
rootsongjc,rootsongjc/k8s-app-monitor-test,2017-07-18T07:48:30Z,18,18,HTML,TRUE,TRUE,
rootsongjc,rootsongjc/cloudinary-go,2017-10-29T06:14:44Z,4,4,Go,TRUE,TRUE,
rootsongjc,rootsongjc/docker-ipam-plugin,2016-06-14T07:11:31Z,14,14,Go,TRUE,TRUE,
rootsongjc,rootsongjc/hadoop-all-in-one,2016-07-05T02:58:46Z,1,1,Shell,TRUE,TRUE,MIT License
rootsongjc,rootsongjc/yarn-on-docker,2016-06-13T11:14:44Z,2,2,Shell,TRUE,TRUE,
rootsongjc,rootsongjc/catalog-hadoop,2016-04-27T10:21:52Z,1,1,Shell,TRUE,TRUE,Apache License 2.0
ymcui,ymcui/Chinese-LLaMA-Alpaca-3,2023-11-09T08:11:19Z,1651,1651,Python,FALSE,TRUE,Apache License 2.0
ymcui,ymcui/Chinese-LLaMA-Alpaca-2,2023-07-18T23:09:10Z,7084,7084,Python,FALSE,TRUE,Apache License 2.0
ymcui,ymcui/Chinese-Mixtral,2024-01-11T06:45:43Z,582,582,Python,FALSE,TRUE,Apache License 2.0
ymcui,ymcui/Chinese-LLaMA-Alpaca,2023-03-15T11:09:39Z,18339,18339,Python,FALSE,TRUE,Apache License 2.0
ymcui,ymcui/llama.cpp,2023-08-01T00:00:47Z,1,1,C++,TRUE,TRUE,MIT License
ymcui,ymcui/expmrc,2020-10-28T04:02:48Z,60,60,Python,TRUE,TRUE,Creative Commons Attribution Share Alike 4.0 International
ymcui,ymcui/Chinese-BERT-wwm,2019-06-19T22:55:01Z,9657,9657,Python,TRUE,FALSE,Apache License 2.0
ymcui,ymcui/Chinese-ELECTRA,2020-03-23T03:15:15Z,1400,1400,Python,TRUE,TRUE,Apache License 2.0
ymcui,ymcui/PERT,2022-01-04T01:42:26Z,353,353,,TRUE,TRUE,Apache License 2.0
ymcui,ymcui/MacBERT,2020-09-22T04:29:44Z,644,644,,TRUE,TRUE,Apache License 2.0
ymcui,ymcui/LERT,2022-07-21T07:25:19Z,198,198,Python,FALSE,FALSE,Apache License 2.0
ymcui,ymcui/Chinese-XLNet,2019-07-15T06:30:37Z,1653,1653,Python,TRUE,TRUE,Apache License 2.0
ymcui,ymcui/VLE,2023-03-09T10:24:49Z,1,1,Python,TRUE,FALSE,Apache License 2.0
ymcui,ymcui/ChatGPT-in-Academia,2023-02-16T07:42:15Z,73,73,,TRUE,TRUE,Creative Commons Attribution Share Alike 4.0 International
ymcui,ymcui/cmrc2019,2018-11-09T00:28:24Z,126,126,Python,TRUE,TRUE,Creative Commons Attribution Share Alike 4.0 International
ymcui,ymcui/mrc-model-analysis,2022-02-24T05:39:56Z,7,7,Python,FALSE,FALSE,Apache License 2.0
ymcui,ymcui/cmrc2018,2018-01-04T01:20:52Z,414,414,Python,TRUE,TRUE,Creative Commons Attribution Share Alike 4.0 International
ymcui,ymcui/Chinese-MobileBERT,2022-03-02T03:47:30Z,80,80,Python,FALSE,FALSE,Apache License 2.0
ymcui,ymcui/ACL2020-PC-Blogs-Chinese,2019-11-20T04:10:30Z,14,14,,TRUE,TRUE,Creative Commons Attribution Share Alike 4.0 International
ymcui,ymcui/LAMB_Optimizer_TF,2019-06-05T23:48:39Z,120,120,Python,TRUE,TRUE,Apache License 2.0
ymcui,ymcui/Chinese-RC-Datasets,2019-03-26T02:13:41Z,214,214,,TRUE,TRUE,Creative Commons Attribution Share Alike 4.0 International
ymcui,ymcui/Cross-Lingual-MRC,2019-03-27T01:02:13Z,67,67,Python,TRUE,TRUE,Apache License 2.0
ymcui,ymcui/NLP-Review-Scorer,2019-07-11T01:03:43Z,24,24,Jupyter Notebook,TRUE,TRUE,Apache License 2.0
ymcui,ymcui/Eval-on-NN-of-RC,2016-07-22T07:19:44Z,87,87,,TRUE,TRUE,Creative Commons Attribution Share Alike 4.0 International
ymcui,ymcui/xlnet,2019-06-27T07:10:58Z,3,3,Python,TRUE,TRUE,Apache License 2.0
ymcui,ymcui/cmrc2017,2017-08-19T05:50:42Z,92,92,Python,TRUE,TRUE,Creative Commons Attribution Share Alike 4.0 International
ymcui,ymcui/Chinese-Cloze-RC,2016-07-14T06:40:19Z,167,167,,TRUE,TRUE,Creative Commons Attribution Share Alike 4.0 International
dongweiming,dongweiming/dongweiming,2020-08-14T09:02:09Z,7,7,,TRUE,TRUE,
dongweiming,dongweiming/web_develop,2016-05-26T09:19:31Z,1212,1212,Python,TRUE,TRUE,GNU General Public License v3.0
dongweiming,dongweiming/langchain,2023-09-30T13:51:00Z,0,0,,TRUE,TRUE,MIT License
dongweiming,dongweiming/slack-alert,2015-07-21T04:01:36Z,6,6,Python,TRUE,TRUE,MIT License
dongweiming,dongweiming/lyanna,2019-01-13T13:49:22Z,637,637,Vue,TRUE,TRUE,GNU General Public License v3.0
dongweiming,dongweiming/stable-diffusion-webui,2023-05-02T09:47:18Z,0,0,,TRUE,TRUE,GNU Affero General Public License v3.0
dongweiming,dongweiming/stable-diffusion-model-tutorial,2023-04-28T00:32:24Z,1,1,JavaScript,TRUE,TRUE,GNU General Public License v2.0
dongweiming,dongweiming/geek-pu,2020-06-16T00:03:47Z,2,2,Go,TRUE,TRUE,GNU General Public License v3.0
dongweiming,dongweiming/stable-diffusion-files,2023-05-04T00:23:49Z,0,0,Python,TRUE,TRUE,MIT License
dongweiming,dongweiming/mp,2016-11-29T06:44:53Z,89,89,Python,TRUE,TRUE,Apache License 2.0
dongweiming,dongweiming/use_cursor,2023-03-19T01:46:07Z,0,0,,TRUE,TRUE,
dongweiming,dongweiming/sanic-mako,2018-12-09T09:56:23Z,17,17,Python,TRUE,TRUE,Apache License 2.0
dongweiming,dongweiming/eshop-prices,2022-01-20T15:18:28Z,0,0,Go,TRUE,TRUE,Apache License 2.0
dongweiming,dongweiming/go-eshop,2022-01-19T07:16:29Z,1,1,Go,TRUE,TRUE,GNU General Public License v3.0
dongweiming,dongweiming/douban-activity-readme,2020-08-23T02:16:32Z,4,4,Go,TRUE,TRUE,MIT License
dongweiming,dongweiming/sanic-oauth,2021-08-23T15:48:07Z,0,0,Python,TRUE,TRUE,MIT License
dongweiming,dongweiming/r,2015-09-06T14:20:49Z,63,63,CSS,TRUE,TRUE,MIT License
dongweiming,dongweiming/aiomysql,2019-12-28T13:28:39Z,0,0,,TRUE,TRUE,MIT License
dongweiming,dongweiming/LeetCode-in-Go,2020-02-04T04:14:30Z,2,2,Go,TRUE,TRUE,MIT License
dongweiming,dongweiming/mypy,2019-12-15T00:00:43Z,0,0,Python,TRUE,TRUE,Other
dongweiming,dongweiming/tortoise-orm,2018-12-10T15:06:52Z,0,0,Python,TRUE,TRUE,Apache License 2.0
dongweiming,dongweiming/dotzshrc,2018-03-27T00:20:05Z,1,1,Shell,TRUE,TRUE,MIT License
dongweiming,dongweiming/dotspacemacs,2016-08-22T04:36:53Z,0,0,Emacs Lisp,TRUE,TRUE,MIT License
dongweiming,dongweiming/elasticsearch-dsl-py,2017-01-15T07:47:24Z,2,2,Python,TRUE,TRUE,Apache License 2.0
dongweiming,dongweiming/elasticsearch-py-async,2017-01-24T04:18:29Z,0,0,Python,TRUE,TRUE,Apache License 2.0
dongweiming,dongweiming/sed_and_awk,2013-12-23T15:31:25Z,172,172,HTML,TRUE,TRUE,Apache License 2.0
dongweiming,dongweiming/aiomcache,2019-01-22T08:30:43Z,0,0,Python,TRUE,TRUE,"BSD 2-Clause ""Simplified"" License"
dongweiming,dongweiming/wechat-admin,2017-06-07T04:14:17Z,1750,1750,Vue,TRUE,TRUE,GNU General Public License v3.0
dongweiming,dongweiming/flask_reveal,2013-05-21T16:29:35Z,45,45,JavaScript,TRUE,TRUE,Other
dongweiming,dongweiming/social-storage-sqlalchemy,2017-11-25T08:24:03Z,0,0,Python,TRUE,TRUE,"BSD 3-Clause ""New"" or ""Revised"" License"
dongweiming,dongweiming/social-core,2017-11-25T04:57:22Z,1,1,Python,TRUE,TRUE,"BSD 3-Clause ""New"" or ""Revised"" License"
dongweiming,dongweiming/flask-security,2017-10-25T15:17:35Z,1,1,Python,TRUE,TRUE,MIT License
dongweiming,dongweiming/wtforms,2017-10-07T16:08:49Z,0,0,Python,TRUE,FALSE,Other
dongweiming,dongweiming/wtforms-sqlalchemy,2018-01-29T12:48:06Z,0,0,Python,TRUE,TRUE,Other
dongweiming,dongweiming/weapp-zhihulive,2017-02-05T06:03:13Z,361,361,Python,TRUE,TRUE,Apache License 2.0
dongweiming,dongweiming/social-app-flask,2017-11-25T09:46:17Z,1,1,Python,TRUE,TRUE,"BSD 3-Clause ""New"" or ""Revised"" License"
dongweiming,dongweiming/social-app-flask-sqlalchemy,2017-11-25T04:52:39Z,0,0,Python,TRUE,TRUE,"BSD 3-Clause ""New"" or ""Revised"" License"
dongweiming,dongweiming/data-analysis,2013-11-19T23:17:37Z,73,73,JavaScript,TRUE,TRUE,Apache License 2.0
dongweiming,dongweiming/daenerys,2017-04-14T03:23:43Z,63,63,Python,TRUE,TRUE,Apache License 2.0
dongweiming,dongweiming/sanic,2017-08-15T14:01:55Z,0,0,Python,TRUE,TRUE,MIT License
dongweiming,dongweiming/wxpy,2017-06-25T12:37:10Z,22,22,Python,TRUE,FALSE,MIT License
dongweiming,dongweiming/wechat-plugins,2017-07-19T03:07:28Z,14,14,Python,TRUE,TRUE,GNU Lesser General Public License v3.0
dongweiming,dongweiming/ItChat,2017-05-04T07:06:08Z,21,21,Python,TRUE,TRUE,MIT License
dongweiming,dongweiming/django-linux-dash,2014-02-02T06:53:07Z,55,55,CSS,TRUE,TRUE,MIT License
dongweiming,dongweiming/mdpub,2016-12-08T09:27:31Z,1,1,JavaScript,TRUE,TRUE,Other
dongweiming,dongweiming/commentbox,2016-09-11T03:29:53Z,255,255,,TRUE,TRUE,
dongweiming,dongweiming/blog,2014-12-10T01:58:03Z,0,0,HTML,TRUE,TRUE,
dongweiming,dongweiming/divingintoipynb,2015-01-07T02:33:44Z,24,24,JavaScript,TRUE,TRUE,MIT License
dongweiming,dongweiming/gandalf,2016-01-14T13:33:21Z,9,9,Python,TRUE,TRUE,Other
dongweiming,dongweiming/vary.vim,2013-09-07T07:08:44Z,4,4,VimL,TRUE,TRUE,Apache License 2.0
dongweiming,dongweiming/emacs.d,2014-08-03T14:07:50Z,12,12,Emacs Lisp,TRUE,TRUE,Apache License 2.0
dongweiming,dongweiming/aiglos,2016-02-21T11:54:27Z,26,26,CSS,TRUE,TRUE,MIT License
dongweiming,dongweiming/code,2014-02-14T02:27:40Z,0,0,CSS,TRUE,TRUE,Other
dongweiming,dongweiming/idb,2014-12-09T08:07:10Z,10,10,Python,TRUE,TRUE,Apache License 2.0
dongweiming,dongweiming/w-pysql,2015-11-26T14:09:51Z,0,0,Python,TRUE,FALSE,
dongweiming,dongweiming/shadowsocks,2015-08-22T11:20:27Z,2,2,Python,TRUE,FALSE,Apache License 2.0
dongweiming,dongweiming/firefly,2015-04-12T06:03:30Z,0,0,JavaScript,TRUE,TRUE,MIT License
dongweiming,dongweiming/Expert-Python,2014-04-02T07:30:22Z,275,275,Python,TRUE,TRUE,
dongweiming,dongweiming/divingintoipynb_nikola,2015-01-05T07:11:26Z,0,0,CSS,TRUE,TRUE,MIT License
dongweiming,dongweiming/divingintoipynb_pelican,2015-01-04T02:34:57Z,1,1,Makefile,TRUE,TRUE,MIT License
dongweiming,dongweiming/Ipynb-viewer,2014-12-18T15:11:04Z,14,14,JavaScript,TRUE,TRUE,MIT License
dongweiming,dongweiming/pre-push,2015-01-11T13:22:38Z,2,2,Python,TRUE,TRUE,MIT License
dongweiming,dongweiming/ipynb-reader,2015-01-04T08:37:26Z,1,1,,TRUE,TRUE,MIT License
dongweiming,dongweiming/plim-mode,2014-08-04T06:24:49Z,1,1,Emacs Lisp,TRUE,TRUE,Apache License 2.0
dongweiming,dongweiming/speakerdeck,2014-04-18T07:51:56Z,8,8,Python,TRUE,TRUE,Apache License 2.0
dongweiming,dongweiming/Mtime,2014-03-17T03:26:30Z,99,99,Python,TRUE,TRUE,
dongweiming,dongweiming/gentle,2013-12-01T15:22:09Z,17,17,Python,TRUE,TRUE,Apache License 2.0
dongweiming,dongweiming/lisp-koans-answer,2013-07-26T00:49:47Z,8,8,Common Lisp,TRUE,TRUE,Apache License 2.0
dongweiming,dongweiming/octopress-douban_favorite_show,2012-09-28T10:49:01Z,5,5,,TRUE,TRUE,
dongweiming,dongweiming/octopress-wp_cumulus_for_tagcloud,2012-11-18T14:59:04Z,0,0,JavaScript,TRUE,TRUE,
dongweiming,dongweiming/gentoo-lxc-templates,2013-07-21T15:30:05Z,0,0,Shell,TRUE,TRUE,Apache License 2.0
dongweiming,dongweiming/gentoo-config,2013-07-21T15:14:17Z,0,0,,TRUE,TRUE,Apache License 2.0
dongweiming,dongweiming/docker-desktop,2013-07-19T03:45:37Z,11,11,Shell,TRUE,TRUE,
dongweiming,dongweiming/colout-ppa,2013-06-07T15:31:38Z,0,0,Python,TRUE,TRUE,GNU General Public License v3.0
dongweiming,dongweiming/dongwm-overlay,2013-05-05T03:20:26Z,0,0,,TRUE,TRUE,
dongweiming,dongweiming/efunctions,2013-04-28T12:33:27Z,0,0,Shell,TRUE,TRUE,
zce,zce/velite,2023-10-26T07:21:29Z,478,478,TypeScript,FALSE,FALSE,MIT License
zce,zce/dashboard,2016-10-06T06:16:54Z,553,553,Vue,FALSE,FALSE,MIT License
zce,zce/caz,2016-09-23T19:24:33Z,2455,2455,TypeScript,FALSE,FALSE,MIT License
zce,zce/mwa,2020-07-17T07:39:00Z,7,7,TypeScript,FALSE,FALSE,MIT License
zce,zce/zce,2016-09-21T13:03:22Z,3,3,JavaScript,TRUE,TRUE,MIT License
zce,zce/zce.github.io,2020-02-09T09:58:26Z,2,2,HTML,FALSE,FALSE,
zce,zce/s.zce.me,2022-04-27T08:34:07Z,0,0,JavaScript,FALSE,FALSE,
zce,zce/zimg,2023-11-17T13:35:55Z,0,0,TypeScript,TRUE,TRUE,MIT License
zce,zce/nextjs-vercel-playground,2024-01-13T03:35:04Z,0,0,TypeScript,TRUE,TRUE,
zce,zce/next.js,2024-05-05T03:34:03Z,0,0,JavaScript,TRUE,FALSE,MIT License
zce,zce/fearless,2019-02-22T10:29:45Z,1293,1293,TypeScript,FALSE,FALSE,MIT License
zce,zce/magicui,2024-07-01T11:55:46Z,1,1,,TRUE,FALSE,MIT License
zce,zce/zicons,2024-04-22T10:07:34Z,0,0,JavaScript,TRUE,TRUE,
zce,zce/taxonomy,2024-02-26T00:15:17Z,17,17,TypeScript,TRUE,FALSE,MIT License
zce,zce/react.dev,2024-06-02T04:12:02Z,0,0,,TRUE,FALSE,Creative Commons Attribution 4.0 International
zce,zce/chrome-markdown,2016-06-13T02:02:50Z,5,5,JavaScript,TRUE,TRUE,ISC License
zce,zce/zod,2023-12-07T06:50:00Z,0,0,TypeScript,TRUE,TRUE,MIT License
zce,zce/caz-prev,2020-07-19T15:51:57Z,85,85,TypeScript,FALSE,FALSE,MIT License
zce,zce/prettier-config,2023-11-12T04:58:38Z,0,0,,TRUE,TRUE,MIT License
zce,zce/tailwindcss-4-prettier-reproduction,2024-04-27T03:15:40Z,0,0,TypeScript,TRUE,FALSE,
zce,zce/mateusf.com,2024-03-24T09:35:42Z,0,0,,TRUE,TRUE,GNU General Public License v3.0
zce,zce/zvdo,2024-02-25T11:12:30Z,0,0,JavaScript,TRUE,TRUE,
zce,zce/velite-benchmark,2023-11-29T08:31:28Z,0,0,JavaScript,TRUE,TRUE,
zce,zce/shiki,2024-01-27T08:58:54Z,0,0,,TRUE,TRUE,MIT License
zce,zce/velite-benchmarks,2024-01-26T04:10:05Z,0,0,TypeScript,TRUE,TRUE,
zce,zce/dashboard-server,2017-03-24T10:25:33Z,52,52,JavaScript,TRUE,TRUE,MIT License
zce,zce/renovate-config,2019-04-28T13:46:29Z,0,0,,FALSE,FALSE,MIT License
zce,zce/short,2021-03-03T12:47:45Z,12,12,HTML,FALSE,FALSE,MIT License
zce,zce/auth-pages,2016-12-20T03:02:30Z,0,0,Less,TRUE,TRUE,MIT License
zce,zce/.github,2023-12-02T03:24:30Z,0,0,,TRUE,TRUE,
zce,zce/locally-server,2017-09-05T13:09:13Z,14,14,HTML,TRUE,TRUE,MIT License
zce,zce/github-oauth-app-example,2019-06-03T02:48:01Z,1,1,HTML,TRUE,TRUE,MIT License
zce,zce/ui,2023-05-24T11:16:19Z,0,0,,TRUE,FALSE,MIT License
zce,zce/ghost-admin,2018-11-03T05:15:23Z,0,0,JavaScript,TRUE,FALSE,MIT License
zce,zce/gitalk,2019-11-18T11:16:17Z,0,0,JavaScript,TRUE,TRUE,MIT License
zce,zce/tcb,2021-03-18T07:10:50Z,17,17,HTML,FALSE,FALSE,MIT License
zce,zce/plyr,2020-12-14T08:11:17Z,0,0,JavaScript,TRUE,TRUE,MIT License
zce,zce/m2i-cli,2020-03-24T04:20:17Z,3,3,TypeScript,FALSE,FALSE,MIT License
zce,zce/pages-boilerplate,2017-07-21T03:11:04Z,9,9,HTML,TRUE,TRUE,MIT License
zce,zce/velite-demo,2023-11-15T12:11:56Z,0,0,TypeScript,TRUE,TRUE,
zce,zce/m2i,2021-03-23T13:19:50Z,1,1,Vue,FALSE,FALSE,MIT License
zce,zce/vuejs-3-examples,2020-04-20T02:48:48Z,28,28,Vue,FALSE,FALSE,
zce,zce/velite-docs,2023-11-23T11:35:00Z,0,0,TypeScript,TRUE,TRUE,
zce,zce/velite-nextjs,2023-11-19T06:07:51Z,0,0,TypeScript,TRUE,TRUE,
zce,zce/SmartControl,2015-08-02T16:17:13Z,0,0,JavaScript,TRUE,TRUE,
zce,zce/velite-mdx,2023-11-19T07:25:40Z,0,0,MDX,TRUE,TRUE,
zce,zce/recorder,2019-03-28T07:51:12Z,2,2,JavaScript,TRUE,TRUE,MIT License
zce,zce/x-pages,2017-08-04T10:17:25Z,47,47,JavaScript,TRUE,TRUE,MIT License
zce,zce/todos,2019-02-26T05:45:33Z,5,5,JavaScript,TRUE,TRUE,MIT License
zce,zce/eslint-config-standard-ts,2020-07-18T07:23:35Z,1,1,JavaScript,TRUE,TRUE,MIT License
zce,zce/electron-boilerplate,2016-07-08T04:48:25Z,24,24,TypeScript,TRUE,TRUE,MIT License
zce,zce/qrcode-server,2020-12-13T07:40:15Z,1,1,TypeScript,FALSE,FALSE,MIT License
zce,zce/m2i-server,2021-02-04T07:29:45Z,2,2,HTML,FALSE,FALSE,MIT License
zce,zce/caz-server,2020-08-16T09:35:56Z,1,1,HTML,TRUE,TRUE,MIT License
zce,zce/mock-prompt,2018-04-26T06:50:33Z,3,3,JavaScript,TRUE,TRUE,MIT License
zce,zce/Publii-ui-locales,2022-03-29T03:26:47Z,0,0,,TRUE,TRUE,
zce,zce/jsperf.com,2020-08-14T03:03:21Z,0,0,,TRUE,TRUE,MIT License
zce,zce/github-hosts,2021-01-21T14:59:55Z,6,6,,FALSE,FALSE,
zce,zce/sass-boilerplate,2016-04-22T02:41:47Z,0,0,CSS,TRUE,TRUE,
zce,zce/wp-plugin-wedn,2016-01-05T08:20:01Z,0,0,PHP,TRUE,TRUE,
zce,zce/comments-backup,2019-11-18T11:49:14Z,0,0,,FALSE,FALSE,
zce,zce/weapp-locally,2017-09-04T03:52:59Z,172,172,JavaScript,TRUE,TRUE,MIT License
zce,zce/learning-webpack,2016-06-29T02:14:32Z,7,7,JavaScript,TRUE,TRUE,MIT License
zce,zce/javascript-snake-example,2017-06-20T14:42:18Z,0,0,JavaScript,TRUE,TRUE,
zce,zce/discuss,2018-04-28T03:12:03Z,0,0,,FALSE,FALSE,
zce,zce/newshop-docs,2018-01-27T11:02:09Z,1,1,,TRUE,TRUE,
zce,zce/gitbook-boilerplate,2016-10-23T06:05:16Z,0,0,,TRUE,TRUE,MIT License
zce,zce/wp-theme,2018-01-12T02:19:24Z,0,0,PHP,TRUE,TRUE,
zce,zce/weapp-beauty,2018-06-05T07:29:14Z,86,86,JavaScript,TRUE,TRUE,MIT License
zce,zce/connell,2018-04-02T08:04:35Z,1,1,,TRUE,TRUE,MIT License
zce,zce/rime,2016-09-21T06:49:08Z,1,1,Makefile,TRUE,TRUE,MIT License
zce,zce/weapp-demo,2021-07-23T03:27:29Z,7,7,,TRUE,TRUE,MIT License
zce,zce/markdown-editor,2016-06-15T01:43:30Z,0,0,,TRUE,TRUE,MIT License
zce,zce/html5up,2019-02-23T14:11:12Z,73,73,CSS,TRUE,TRUE,
zce,zce/simple-theme,2016-06-29T04:50:55Z,1,1,JavaScript,TRUE,TRUE,MIT License
zce,zce/baixiu,2017-07-12T06:04:17Z,38,38,PHP,TRUE,TRUE,
zce,zce/baixiu-docs,2017-07-18T03:33:40Z,20,20,,TRUE,TRUE,
zce,zce/weapp-example,2018-02-06T10:40:10Z,698,698,,TRUE,TRUE,MIT License
zce,zce/ajax-tutorial,2018-12-30T12:28:05Z,17,17,,TRUE,TRUE,
zce,zce/weapp-api,2016-09-26T08:26:45Z,0,0,JavaScript,TRUE,TRUE,MIT License
zce,zce/todo-template,2015-12-17T05:13:50Z,0,0,HTML,TRUE,TRUE,
zce,zce/api-proxy,2018-03-08T09:31:58Z,466,466,,TRUE,TRUE,MIT License
zce,zce/douban-api-docs,2021-08-10T10:28:14Z,2,2,,TRUE,TRUE,
zce,zce/st-plugin,2017-06-04T01:55:27Z,0,0,Python,TRUE,TRUE,MIT License
zce,zce/ghost-storage,2017-12-18T07:32:50Z,0,0,,TRUE,TRUE,
zce,zce/angular-moviecat,2016-01-22T09:44:54Z,15,15,JavaScript,TRUE,TRUE,
zce,zce/wp-reborn,2017-06-12T06:45:15Z,0,0,PHP,TRUE,TRUE,
zce,zce/jysrt,2021-09-07T06:25:55Z,3,3,HTML,TRUE,TRUE,
zce,zce/baixiu-backup,2017-07-01T13:48:09Z,2,2,PHP,TRUE,TRUE,
zce,zce/less-boilerplate,2016-04-22T02:12:41Z,0,0,CSS,TRUE,TRUE,
zce,zce/minima.css,2019-06-01T13:53:39Z,3,3,CSS,TRUE,TRUE,MIT License
zce,zce/create-nm,2020-08-13T04:52:44Z,0,0,JavaScript,TRUE,TRUE,MIT License
zce,zce/creative-theme,2017-09-09T09:52:45Z,12,12,JavaScript,TRUE,TRUE,MIT License
zce,zce/vue-devtools,2016-07-19T03:40:48Z,61,61,JavaScript,TRUE,TRUE,MIT License
zce,zce/asar-updater,2016-07-12T03:32:17Z,17,17,JavaScript,TRUE,TRUE,MIT License
zce,zce/creative-pages,2017-12-22T06:53:14Z,0,0,HTML,TRUE,TRUE,MIT License
zce,zce/pages-store,2018-01-11T05:59:58Z,10,10,JavaScript,TRUE,TRUE,MIT License
zce,zce/gulp-reversion,2015-11-21T10:38:57Z,1,1,JavaScript,TRUE,TRUE,
zce,zce/qiniu-store,2018-10-16T06:54:52Z,7,7,JavaScript,TRUE,TRUE,MIT License
zce,zce/embed-parser,2018-11-23T04:22:04Z,1,1,JavaScript,TRUE,TRUE,MIT License
zce,zce/create-pages,2019-04-20T03:44:07Z,2,2,JavaScript,TRUE,TRUE,MIT License
zce,zce/fakers,2019-05-19T02:48:44Z,1,1,JavaScript,TRUE,TRUE,MIT License
zce,zce/vsc-patch,2019-11-11T03:41:07Z,0,0,JavaScript,TRUE,TRUE,MIT License
zce,zce/gatsby-plugin-theme,2020-12-16T07:15:08Z,0,0,JavaScript,TRUE,TRUE,MIT License
zce,zce/oauth2-example,2019-05-19T03:52:46Z,6,6,JavaScript,TRUE,TRUE,
zce,zce/generate-weapp-page,2016-10-12T08:59:36Z,8,8,JavaScript,TRUE,TRUE,MIT License
zce,zce/koa-xtpl,2016-12-20T13:16:06Z,9,9,JavaScript,TRUE,TRUE,MIT License
zce,zce/imme,2022-12-05T09:46:23Z,1,1,JavaScript,TRUE,TRUE,Other
zce,zce/gulp-xhtml,2017-02-28T15:58:06Z,0,0,JavaScript,TRUE,TRUE,MIT License
zce,zce/node-xtemplate,2016-12-21T02:44:32Z,2,2,JavaScript,TRUE,TRUE,MIT License
zce,zce/quickapp,2018-04-13T02:30:49Z,5,5,JavaScript,TRUE,TRUE,MIT License
zce,zce/teachable-machine,2018-08-07T08:46:34Z,3,3,JavaScript,TRUE,TRUE,Apache License 2.0
zce,zce/vite-essentials,2020-07-10T02:22:30Z,42,42,JavaScript,TRUE,TRUE,MIT License
zce,zce/webpack-multi-entry,2020-05-04T08:26:15Z,3,3,HTML,TRUE,TRUE,
zce,zce/webpack-demo,2019-09-24T10:40:36Z,62,62,JavaScript,FALSE,FALSE,
zce,zce/vue-ssr-demo,2020-03-19T02:50:33Z,1,1,JavaScript,TRUE,TRUE,
zce,zce/react-ssr-demo,2020-03-17T02:45:20Z,5,5,JavaScript,TRUE,TRUE,
zce,zce/zce-react-app,2020-06-03T03:23:43Z,2,2,JavaScript,TRUE,TRUE,
zce,zce/zce-gulp-demo,2020-05-31T13:00:42Z,12,12,HTML,TRUE,TRUE,MIT License
zce,zce/newshop,2017-11-28T09:57:44Z,14,14,TSQL,TRUE,TRUE,
zce,zce/graphql-demo,2018-04-27T01:47:19Z,2,2,JavaScript,TRUE,TRUE,
zce,zce/reborn-mvc,2017-09-14T01:02:18Z,1,1,JavaScript,TRUE,TRUE,MIT License
zce,zce/sync-to-remote,2018-01-11T04:38:49Z,1,1,JavaScript,TRUE,TRUE,MIT License
zce,zce/create-v-app,2017-03-14T02:38:52Z,2,2,JavaScript,TRUE,TRUE,MIT License
zce,zce/generator-zce-vue,2019-08-27T09:48:16Z,1,1,JavaScript,TRUE,TRUE,
zce,zce/mockmen,2019-02-12T09:28:12Z,1,1,TypeScript,TRUE,TRUE,
zce,zce/dashboard-pages,2017-03-02T03:23:48Z,2,2,JavaScript,TRUE,TRUE,MIT License
zce,zce/micua,2018-01-12T02:43:53Z,4,4,C#,TRUE,TRUE,Apache License 2.0
zce,zce/macos-st-packages,2016-11-07T12:42:42Z,3,3,Python,TRUE,TRUE,MIT License
zce,zce/clean-blog-pages,2016-08-29T09:48:40Z,1,1,HTML,TRUE,TRUE,
zce,zce/rollup-demo,2020-05-16T02:18:54Z,1,1,JavaScript,TRUE,TRUE,
zce,zce/massively-pages,2019-08-07T09:13:07Z,0,0,CSS,TRUE,TRUE,Other
zce,zce/eslint-config-standardx,2020-07-18T07:49:52Z,0,0,JavaScript,TRUE,TRUE,MIT License
zce,zce/gatsby-plugin-minify,2019-11-22T14:21:48Z,3,3,JavaScript,TRUE,TRUE,MIT License
zce,zce/airwind,2021-01-23T07:43:53Z,0,0,Java,FALSE,FALSE,
zce,zce/windows-st-portable,2016-06-29T03:22:52Z,17,17,Python,TRUE,TRUE,Apache License 2.0
zce,zce/ooh-node,2016-12-08T12:29:50Z,2,2,JavaScript,TRUE,TRUE,MIT License
zce,zce/zce-cli,2017-07-21T03:07:00Z,37,37,JavaScript,FALSE,FALSE,MIT License
zce,zce/mobile-remote-control,2015-07-16T11:44:01Z,10,10,JavaScript,TRUE,TRUE,
zce,zce/comments,2021-04-25T11:02:50Z,1,1,,TRUE,TRUE,
zce,zce/ghost-cli,2018-11-03T05:05:33Z,0,0,JavaScript,TRUE,FALSE,MIT License
zce,zce/ghost,2018-11-03T05:15:02Z,0,0,JavaScript,TRUE,TRUE,MIT License
zce,zce/on-line,2016-09-07T08:06:54Z,2,2,JavaScript,FALSE,FALSE,MIT License
zce,zce/available-github-id,2017-05-08T02:44:40Z,0,0,JavaScript,TRUE,TRUE,MIT License
zce,zce/homepage-backup,2015-07-01T01:20:13Z,1,1,JavaScript,TRUE,TRUE,MIT License
zce,zce/hap-deps,2018-04-15T06:46:52Z,0,0,,TRUE,TRUE,
zce,zce/quickapp-tutorial,2018-04-15T03:54:01Z,0,0,JavaScript,TRUE,TRUE,
zce,zce/timer,2016-10-28T01:20:51Z,0,0,CSS,TRUE,TRUE,MIT License
zce,zce/weapp-boilerplate,2016-09-26T02:33:23Z,558,558,JavaScript,TRUE,TRUE,MIT License
zce,zce/quickapp-locally,2018-04-13T10:19:57Z,13,13,,TRUE,TRUE,
zce,zce/quickapp-boilerplate,2018-04-15T03:56:21Z,6,6,,TRUE,TRUE,
zce,zce/react-boilerplate,2015-11-27T02:42:28Z,0,0,JavaScript,TRUE,TRUE,
zce,zce/osx-atom-packages,2015-09-13T09:29:33Z,0,0,CoffeeScript,TRUE,TRUE,
zce,zce/windows-atom-packages,2015-09-13T13:36:25Z,0,0,CoffeeScript,TRUE,TRUE,
zce,zce/commerce,2016-05-31T14:22:07Z,1,1,HTML,TRUE,TRUE,MIT License
zce,zce/newshop-pages,2018-01-23T03:30:49Z,1,1,CSS,TRUE,TRUE,
zce,zce/music-player-pages,2016-06-22T14:11:21Z,13,13,HTML,TRUE,TRUE,MIT License
zce,zce/chrome-apps,2015-07-19T15:06:30Z,1,1,JavaScript,TRUE,TRUE,
zce,zce/facefinder,2018-07-30T05:26:02Z,1,1,JavaScript,TRUE,TRUE,
zce,zce/sell-shop,2016-05-31T08:00:02Z,1,1,HTML,TRUE,TRUE,
zce,zce/learning-es2015,2016-03-12T09:18:29Z,0,0,JavaScript,TRUE,TRUE,
zce,zce/realworld,2020-02-12T02:48:58Z,0,0,,TRUE,TRUE,
zce,zce/web-essential-docs,2018-12-10T03:36:07Z,10,10,,TRUE,TRUE,
zce,zce/reborn-ui,2019-12-30T05:05:47Z,0,0,,TRUE,TRUE,
zce,zce/ghost.zce.me,2019-08-25T03:42:23Z,0,0,JavaScript,TRUE,TRUE,MIT License
zce,zce/vscode-theme,2017-06-08T06:19:00Z,0,0,,TRUE,TRUE,
zce,zce/react-tutorial,2015-10-29T05:32:03Z,0,0,JavaScript,TRUE,TRUE,
zce,zce/mini-app,2016-09-23T04:06:02Z,0,0,JavaScript,TRUE,TRUE,MIT License
zce,zce/painter,2016-03-11T14:15:57Z,0,0,JavaScript,TRUE,TRUE,
zce,zce/aeroplane,2018-07-24T03:51:34Z,1,1,JavaScript,TRUE,TRUE,
zce,zce/music-player,2016-05-27T05:34:56Z,180,180,JavaScript,TRUE,TRUE,ISC License
zce,zce/weapp-cli,2016-09-26T02:42:25Z,0,0,,TRUE,TRUE,MIT License
zce,zce/clean-blog,2016-08-29T09:51:50Z,5,5,HTML,TRUE,TRUE,
zce,zce/sync-console,2016-11-30T10:15:07Z,0,0,JavaScript,TRUE,TRUE,
zce,zce/angular-todomvc,2016-01-24T09:29:59Z,3,3,HTML,TRUE,TRUE,
zce,zce/reborn-pages,2017-05-31T08:03:23Z,6,6,CSS,TRUE,TRUE,MIT License
zce,zce/shop,2016-06-07T08:46:42Z,0,0,HTML,TRUE,TRUE,
zce,zce/feedback,2016-07-19T15:04:48Z,4,4,JavaScript,TRUE,TRUE,MIT License
zce,zce/weapp-generator,2016-09-26T08:37:41Z,0,0,,TRUE,TRUE,MIT License
zce,zce/desktop-ui,2016-07-03T12:43:34Z,1,1,CSS,TRUE,TRUE,
zce,zce/Weibo,2015-12-06T06:48:01Z,2,2,Objective-C,TRUE,TRUE,
zce,zce/learning-vue,2016-10-05T04:27:49Z,4,4,HTML,TRUE,TRUE,MIT License
zce,zce/angular-boilerplate,2016-02-16T14:57:44Z,33,33,JavaScript,TRUE,TRUE,
zce,zce/weapp-todos,2016-12-03T04:06:15Z,281,281,JavaScript,TRUE,TRUE,MIT License
zce,zce/generator-micua-webapp,2015-08-29T03:52:34Z,0,0,JavaScript,TRUE,TRUE,
zce,zce/tsconfig,2019-05-08T12:33:27Z,0,0,,TRUE,TRUE,
zce,zce/webapp-generator,2015-08-30T17:17:45Z,1,1,JavaScript,TRUE,TRUE,
zce,zce/itcast-tms,2016-01-06T01:52:16Z,12,12,JavaScript,TRUE,TRUE,MIT License
zce,zce/pages-tasks,2019-04-20T17:01:27Z,1,1,JavaScript,TRUE,TRUE,MIT License
zce,zce/node-mvc,2015-07-18T13:30:55Z,1,1,JavaScript,TRUE,TRUE,
zce,zce/osx-st-packages,2015-07-14T14:36:43Z,2,2,Python,TRUE,FALSE,
zce,zce/newshop-live,2018-01-27T09:24:20Z,3,3,CSS,TRUE,TRUE,
zce,zce/windows-st-packages,2016-02-15T05:41:26Z,1,1,Python,TRUE,TRUE,
zce,zce/x-pages-example,2017-08-05T16:12:39Z,3,3,HTML,TRUE,TRUE,MIT License
zce,zce/yarn-global,2017-05-08T01:56:41Z,0,0,,TRUE,TRUE,
zce,zce/next-demo,2019-02-20T09:37:32Z,0,0,,TRUE,TRUE,
zce,zce/image-recognition,2018-06-05T04:59:13Z,0,0,,TRUE,TRUE,
zce,zce/roadmap,2018-04-06T08:27:19Z,0,0,,TRUE,TRUE,MIT License
zce,zce/typora-reborn,2017-06-27T07:10:33Z,4,4,CSS,TRUE,TRUE,
zce,zce/baixiu-pages,2017-06-29T07:24:05Z,3,3,HTML,TRUE,TRUE,
zce,zce/javascript-async,2017-02-13T07:36:20Z,0,0,JavaScript,TRUE,TRUE,MIT License
zce,zce/analytics,2017-03-18T12:57:23Z,0,0,,TRUE,TRUE,
zce,zce/babel,2015-10-29T03:48:48Z,5,5,JavaScript,TRUE,TRUE,
zce,zce/windows-st-portable-x64,2016-01-10T10:28:55Z,4,4,Python,TRUE,TRUE,
zce,zce/web-player,2016-05-28T10:04:11Z,0,0,,TRUE,TRUE,
zce,zce/react-todomvc,2016-02-05T11:44:50Z,0,0,,TRUE,TRUE,
wu-sheng,wu-sheng/hertzbeat,2024-03-17T04:09:41Z,1,1,,TRUE,FALSE,Apache License 2.0
wu-sheng,wu-sheng/rocketmq-exporter,2024-02-18T00:22:04Z,0,0,,TRUE,FALSE,Apache License 2.0
wu-sheng,wu-sheng/STAM,2020-05-14T09:01:31Z,32,32,,FALSE,FALSE,Apache License 2.0
wu-sheng,wu-sheng/opentelemetry.io,2023-02-23T09:56:09Z,0,0,,TRUE,FALSE,Creative Commons Attribution 4.0 International
wu-sheng,wu-sheng/openzipkin.github.io,2022-11-22T06:58:09Z,0,0,,TRUE,TRUE,Apache License 2.0
wu-sheng,wu-sheng/contributor-graph,2021-08-31T08:01:03Z,2,2,,TRUE,TRUE,Apache License 2.0
wu-sheng,wu-sheng/ebpf.io-website,2022-09-14T13:19:23Z,1,1,JavaScript,TRUE,FALSE,Creative Commons Attribution 4.0 International
wu-sheng,wu-sheng/.github,2022-12-12T09:58:25Z,0,0,,TRUE,TRUE,Apache License 2.0
wu-sheng,wu-sheng/jaxb-api,2022-01-12T01:17:24Z,1,1,,TRUE,TRUE,"BSD 3-Clause ""New"" or ""Revised"" License"
wu-sheng,wu-sheng/jaf,2022-01-12T01:33:25Z,1,1,,TRUE,TRUE,"BSD 3-Clause ""New"" or ""Revised"" License"
wu-sheng,wu-sheng/druid,2021-09-18T00:55:20Z,1,1,Java,TRUE,TRUE,Apache License 2.0
wu-sheng,wu-sheng/jaxb-istack-commons,2022-01-12T01:09:18Z,1,1,,TRUE,TRUE,"BSD 3-Clause ""New"" or ""Revised"" License"
wu-sheng,wu-sheng/landscape-model,2018-07-02T20:53:21Z,1,1,JavaScript,TRUE,TRUE,Apache License 2.0
wu-sheng,wu-sheng/cpp2sky,2021-05-20T05:28:29Z,1,1,,TRUE,FALSE,Apache License 2.0
wu-sheng,wu-sheng/acasia2021,2021-03-18T15:46:00Z,1,1,,TRUE,TRUE,
wu-sheng,wu-sheng/good-first-issue,2020-12-11T13:44:47Z,1,1,,TRUE,FALSE,MIT License
wu-sheng,wu-sheng/skywalking-website,2020-11-23T08:13:37Z,1,1,,TRUE,FALSE,Apache License 2.0
wu-sheng,wu-sheng/mock-configuration-center,2019-05-31T13:35:42Z,2,2,Java,FALSE,FALSE,Apache License 2.0
wu-sheng,wu-sheng/me,2016-12-26T03:18:02Z,48,48,,FALSE,FALSE,
wu-sheng,wu-sheng/protoc-gen-validate,2020-09-27T14:48:36Z,1,1,,TRUE,FALSE,Apache License 2.0
wu-sheng,wu-sheng/community,2020-09-04T13:35:11Z,1,1,,TRUE,FALSE,Apache License 2.0
wu-sheng,wu-sheng/kezhenxu94,2020-09-03T08:44:34Z,1,1,,TRUE,TRUE,
wu-sheng,wu-sheng/translation,2020-07-15T12:44:49Z,1,1,,TRUE,TRUE,Creative Commons Zero v1.0 Universal
wu-sheng,wu-sheng/explore,2020-06-27T08:15:44Z,1,1,,TRUE,FALSE,Creative Commons Attribution 4.0 International
wu-sheng,wu-sheng/nacos,2020-06-24T13:24:29Z,1,1,,TRUE,TRUE,Apache License 2.0
wu-sheng,wu-sheng/DataCarrier,2016-10-25T06:19:45Z,56,56,Java,FALSE,FALSE,Apache License 2.0
wu-sheng,wu-sheng/incubator-apisix,2020-02-19T09:51:13Z,2,2,,TRUE,TRUE,Apache License 2.0
wu-sheng,wu-sheng/document-cn-translation-of-skywalking,2019-11-04T12:28:04Z,2,2,,TRUE,FALSE,Apache License 2.0
wu-sheng,wu-sheng/infrastructure-puppet,2019-10-14T17:26:36Z,1,1,,TRUE,TRUE,Apache License 2.0
wu-sheng,wu-sheng/gh-actions-lua,2020-02-20T01:59:30Z,1,1,,TRUE,TRUE,
wu-sheng,wu-sheng/maven-wrapper,2019-11-06T01:30:24Z,1,1,,TRUE,FALSE,Apache License 2.0
wu-sheng,wu-sheng/swoole-src,2019-08-23T02:28:07Z,1,1,C++,TRUE,TRUE,Apache License 2.0
wu-sheng,wu-sheng/meetups,2019-08-19T14:10:01Z,1,1,,TRUE,FALSE,
wu-sheng,wu-sheng/JRE-test,2019-08-02T13:41:41Z,1,1,Java,TRUE,TRUE,
wu-sheng,wu-sheng/istio.io,2019-01-10T01:30:04Z,1,1,HTML,TRUE,FALSE,Apache License 2.0
wu-sheng,wu-sheng/pinpoint,2019-05-20T07:42:30Z,1,1,Java,TRUE,TRUE,Apache License 2.0
wu-sheng,wu-sheng/envoy,2019-04-09T01:19:02Z,1,1,C++,TRUE,FALSE,Apache License 2.0
wu-sheng,wu-sheng/grpc-gateway,2019-03-30T23:05:45Z,2,2,Go,TRUE,TRUE,"BSD 3-Clause ""New"" or ""Revised"" License"
wu-sheng,wu-sheng/client_java,2019-01-07T03:32:31Z,1,1,Java,TRUE,TRUE,Apache License 2.0
wu-sheng,wu-sheng/antlr4,2018-06-27T06:40:21Z,1,1,Java,TRUE,FALSE,Other
wu-sheng,wu-sheng/awesome-apm,2018-10-17T07:12:17Z,1,1,,TRUE,TRUE,
wu-sheng,wu-sheng/ant-design,2018-09-04T12:33:44Z,1,1,TypeScript,TRUE,TRUE,MIT License
wu-sheng,wu-sheng/protobuf-1,2018-08-09T02:39:45Z,1,1,Go,TRUE,FALSE,Other
wu-sheng,wu-sheng/istio,2018-07-17T08:54:41Z,1,1,Go,TRUE,TRUE,Apache License 2.0
wu-sheng,wu-sheng/api,2018-08-09T02:49:37Z,1,1,HTML,TRUE,TRUE,Apache License 2.0
wu-sheng,wu-sheng/byte-buddy,2016-03-18T13:32:46Z,2,2,Java,TRUE,TRUE,Apache License 2.0
wu-sheng,wu-sheng/opencensus-java,2018-03-25T14:26:35Z,1,1,Java,TRUE,FALSE,Apache License 2.0
wu-sheng,wu-sheng/awesome-distributed-systems,2018-06-26T02:40:17Z,2,2,,TRUE,TRUE,
wu-sheng,wu-sheng/awesome-cloud-native,2018-05-11T01:08:52Z,1,1,JavaScript,TRUE,TRUE,
wu-sheng,wu-sheng/scouter,2018-05-04T01:48:16Z,1,1,Java,TRUE,FALSE,Other
wu-sheng,wu-sheng/architect-awesome,2018-05-02T00:55:12Z,15,15,,TRUE,TRUE,
wu-sheng,wu-sheng/jersey,2018-06-22T08:09:23Z,1,1,Java,TRUE,FALSE,Other
wu-sheng,wu-sheng/bitcoin-abc,2018-03-29T10:25:32Z,1,1,C++,TRUE,FALSE,MIT License
wu-sheng,wu-sheng/lucene-solr,2018-03-25T15:05:52Z,1,1,Java,TRUE,FALSE,
wu-sheng,wu-sheng/spring-cloud-config,2018-03-25T13:59:46Z,1,1,Java,TRUE,TRUE,Apache License 2.0
wu-sheng,wu-sheng/netty,2018-03-25T14:38:41Z,1,1,Java,TRUE,TRUE,Apache License 2.0
wu-sheng,wu-sheng/protobuf,2018-03-25T14:34:01Z,1,1,C++,TRUE,TRUE,Other
wu-sheng,wu-sheng/httpcomponents-client,2018-03-25T14:13:11Z,1,1,Java,TRUE,FALSE,Apache License 2.0
wu-sheng,wu-sheng/data-set,2018-03-25T14:00:37Z,1,1,JavaScript,TRUE,TRUE,MIT License
wu-sheng,wu-sheng/landscape,2018-03-12T07:51:17Z,1,1,JavaScript,TRUE,TRUE,Apache License 2.0
wu-sheng,wu-sheng/spring-cloud-netflix,2018-03-12T05:31:21Z,1,1,Java,TRUE,TRUE,Apache License 2.0
wu-sheng,wu-sheng/spring-boot,2018-03-12T05:15:05Z,1,1,Java,TRUE,TRUE,Apache License 2.0
wu-sheng,wu-sheng/jetty.project,2018-03-11T13:29:53Z,1,1,Java,TRUE,FALSE,Other
wu-sheng,wu-sheng/elasticsearch,2018-03-11T13:18:25Z,1,1,Java,TRUE,FALSE,Apache License 2.0
wu-sheng,wu-sheng/react,2018-03-11T13:14:03Z,1,1,JavaScript,TRUE,TRUE,MIT License
wu-sheng,wu-sheng/grpc-java,2018-03-11T13:16:22Z,1,1,Java,TRUE,FALSE,Apache License 2.0
wu-sheng,wu-sheng/moment,2018-03-11T13:26:11Z,1,1,JavaScript,TRUE,FALSE,MIT License
wu-sheng,wu-sheng/BizCharts,2018-03-11T13:37:39Z,1,1,JavaScript,TRUE,TRUE,MIT License
wu-sheng,wu-sheng/dva,2018-03-11T13:32:29Z,1,1,JavaScript,TRUE,TRUE,MIT License
wu-sheng,wu-sheng/cytoscape.js,2018-03-11T13:35:05Z,1,1,JavaScript,TRUE,FALSE,MIT License
wu-sheng,wu-sheng/commons-pool,2018-03-25T14:46:16Z,1,1,Java,TRUE,FALSE,Apache License 2.0
wu-sheng,wu-sheng/path-to-regexp,2018-03-11T13:23:48Z,1,1,TypeScript,TRUE,FALSE,MIT License
wu-sheng,wu-sheng/d3,2018-03-11T13:34:24Z,1,1,JavaScript,TRUE,TRUE,"BSD 3-Clause ""New"" or ""Revised"" License"
wu-sheng,wu-sheng/Numeral-js,2018-03-11T13:25:35Z,1,1,JavaScript,TRUE,TRUE,MIT License
wu-sheng,wu-sheng/url-polyfill,2018-03-11T13:12:18Z,1,1,JavaScript,TRUE,TRUE,MIT License
wu-sheng,wu-sheng/prop-types,2018-03-11T13:23:07Z,1,1,JavaScript,TRUE,FALSE,MIT License
wu-sheng,wu-sheng/fastclick,2018-03-11T13:29:09Z,1,1,HTML,TRUE,FALSE,MIT License
wu-sheng,wu-sheng/cytoscape.js-cose-bilkent,2018-03-11T13:36:13Z,1,1,JavaScript,TRUE,TRUE,MIT License
wu-sheng,wu-sheng/react-document-title,2018-03-11T13:19:17Z,1,1,JavaScript,TRUE,TRUE,MIT License
wu-sheng,wu-sheng/qs,2018-03-11T13:22:23Z,1,1,JavaScript,TRUE,TRUE,Other
wu-sheng,wu-sheng/Jalpc,2018-03-05T02:39:41Z,1,1,CSS,TRUE,TRUE,MIT License
wu-sheng,wu-sheng/cytoscape-node-html-label,2018-03-11T13:35:40Z,1,1,TypeScript,TRUE,TRUE,MIT License
wu-sheng,wu-sheng/drawer-menu,2018-03-11T13:21:50Z,1,1,JavaScript,TRUE,TRUE,MIT License
wu-sheng,wu-sheng/grpc,2018-02-09T03:40:51Z,1,1,C++,TRUE,TRUE,Apache License 2.0
wu-sheng,wu-sheng/jaeger,2018-02-08T06:46:32Z,1,1,Go,TRUE,FALSE,Apache License 2.0
wu-sheng,wu-sheng/lodash-decorators,2018-03-11T13:28:16Z,1,1,TypeScript,TRUE,TRUE,MIT License
wu-sheng,wu-sheng/node-process,2018-03-26T08:06:09Z,1,1,JavaScript,TRUE,TRUE,MIT License
wu-sheng,wu-sheng/commons-logging,2018-03-25T14:41:59Z,1,1,Java,TRUE,FALSE,Apache License 2.0
wu-sheng,wu-sheng/commons-codec,2018-03-25T14:43:32Z,1,1,Java,TRUE,FALSE,Apache License 2.0
wu-sheng,wu-sheng/react-fittext,2018-03-11T13:17:03Z,1,1,JavaScript,TRUE,TRUE,MIT License
wu-sheng,wu-sheng/g2-plugin-slider,2018-03-26T08:05:03Z,1,1,JavaScript,TRUE,TRUE,MIT License
wu-sheng,wu-sheng/omit.js,2018-03-11T13:24:55Z,1,1,JavaScript,TRUE,TRUE,MIT License
wu-sheng,wu-sheng/motan,2016-12-22T02:27:19Z,0,0,Java,TRUE,TRUE,Other
wu-sheng,wu-sheng/tracecontext-spec,2017-09-28T13:57:26Z,1,1,,TRUE,TRUE,Apache License 2.0
wu-sheng,wu-sheng/galactus,2017-11-06T03:01:12Z,1,1,,TRUE,TRUE,
wu-sheng,wu-sheng/sharding-jdbc,2017-10-17T03:10:34Z,1,1,Java,TRUE,TRUE,Apache License 2.0
wu-sheng,wu-sheng/nutz,2017-09-23T01:04:15Z,1,1,Java,TRUE,FALSE,Apache License 2.0
wu-sheng,wu-sheng/DistributedTracingSystem,2017-06-12T08:22:30Z,3,3,,TRUE,TRUE,Apache License 2.0
wu-sheng,wu-sheng/sky-walking-ui-incubator-17.9,2017-09-25T07:45:54Z,1,1,,TRUE,TRUE,GNU General Public License v3.0
wu-sheng,wu-sheng/toc,2017-09-23T02:49:16Z,1,1,,TRUE,FALSE,
wu-sheng,wu-sheng/styleguide,2017-09-15T09:46:37Z,1,1,HTML,TRUE,FALSE,
wu-sheng,wu-sheng/APMInAction,2017-09-06T07:39:04Z,1,1,,TRUE,TRUE,
wu-sheng,wu-sheng/china_area_mysql,2017-08-22T08:21:02Z,4,4,,TRUE,TRUE,
wu-sheng,wu-sheng/didi-eureka-server,2017-08-14T08:19:46Z,1,1,Java,TRUE,TRUE,MIT License
wu-sheng,wu-sheng/opentracing.io-translation,2016-11-02T03:17:42Z,4,4,CSS,TRUE,TRUE,
wu-sheng,wu-sheng/opentracing-java,2016-11-08T09:37:28Z,3,3,Java,TRUE,TRUE,Apache License 2.0
wu-sheng,wu-sheng/falcon-plus,2017-05-20T06:26:10Z,1,1,Go,TRUE,TRUE,
wu-sheng,wu-sheng/asm-walkthough,2017-04-03T23:56:31Z,2,2,,TRUE,TRUE,Apache License 2.0
wu-sheng,wu-sheng/java-globaltracer,2017-03-16T23:21:22Z,1,1,Java,TRUE,TRUE,Apache License 2.0
wu-sheng,wu-sheng/soc,2017-03-07T03:21:32Z,1,1,,TRUE,TRUE,Apache License 2.0
wu-sheng,wu-sheng/specification,2017-02-08T14:58:50Z,1,1,,TRUE,TRUE,Apache License 2.0
wu-sheng,wu-sheng/redis-rb,2017-02-23T03:12:49Z,1,1,Ruby,TRUE,TRUE,MIT License
wu-sheng,wu-sheng/hprose-java,2017-03-16T23:28:42Z,1,1,Java,TRUE,TRUE,MIT License
wu-sheng,wu-sheng/contrib,2017-01-23T08:33:18Z,1,1,,TRUE,TRUE,Apache License 2.0
wu-sheng,wu-sheng/meta,2016-12-22T03:33:17Z,1,1,,TRUE,TRUE,Apache License 2.0
wu-sheng,wu-sheng/incubator-rocketmq,2017-01-11T01:41:39Z,1,1,Java,TRUE,FALSE,Apache License 2.0
wu-sheng,wu-sheng/grpc-opentracing,2016-12-21T06:46:19Z,1,1,Java,TRUE,TRUE,"BSD 3-Clause ""New"" or ""Revised"" License"
wu-sheng,wu-sheng/jaeger-client-go,2016-11-12T11:15:24Z,1,1,Go,TRUE,TRUE,MIT License
wu-sheng,wu-sheng/brave-opentracing,2016-11-10T05:54:50Z,1,1,Java,TRUE,TRUE,Apache License 2.0
wu-sheng,wu-sheng/aLa,2016-08-01T13:34:09Z,2,2,Java,TRUE,TRUE,GNU General Public License v3.0
wu-sheng,wu-sheng/HikariCP,2016-05-26T07:18:02Z,1,1,Java,TRUE,TRUE,Apache License 2.0
wu-sheng,wu-sheng/GoldenGate4EDC-Guide,2016-04-26T06:41:35Z,11,11,,TRUE,TRUE,
wu-sheng,wu-sheng/GoldenGate-FileAdapter-ETL,2016-05-06T12:03:18Z,2,2,Java,TRUE,TRUE,
wu-sheng,wu-sheng/pholcus-goscript,2016-04-27T06:03:41Z,2,2,Go,TRUE,TRUE,Apache License 2.0
sunnyxx,sunnyxx/XXNibBridge,2014-07-03T16:21:29Z,566,566,Objective-C,TRUE,TRUE,MIT License
sunnyxx,sunnyxx/quickjs-debug,2019-07-14T12:25:46Z,54,54,C,TRUE,TRUE,
sunnyxx,sunnyxx/libffi-iOS,2017-03-28T03:58:48Z,95,95,C,TRUE,TRUE,MIT License
sunnyxx,sunnyxx/ReactiveCocoa,2016-12-09T03:42:31Z,1,1,Swift,TRUE,FALSE,MIT License
sunnyxx,sunnyxx/blog-hexo,2014-02-27T07:14:34Z,0,0,HTML,TRUE,TRUE,
sunnyxx,sunnyxx/PatchSwiftDemo,2016-07-01T12:50:49Z,24,24,Objective-C,TRUE,TRUE,
sunnyxx,sunnyxx/swift,2016-06-25T08:40:57Z,0,0,C++,TRUE,FALSE,Apache License 2.0
sunnyxx,sunnyxx/hexo-blog-source,2016-04-08T15:10:15Z,0,0,CSS,TRUE,TRUE,
sunnyxx,sunnyxx/present,2014-03-07T07:19:16Z,0,0,CSS,TRUE,TRUE,MIT License
sunnyxx,sunnyxx/IBWeChat,2015-10-12T13:20:51Z,25,25,Objective-C,TRUE,TRUE,
sunnyxx,sunnyxx/ResumeSample,2016-11-13T15:13:44Z,15,15,,TRUE,TRUE,
sunnyxx,sunnyxx/iMeal,2014-07-23T16:14:30Z,3,3,Objective-C,TRUE,TRUE,
sunnyxx,sunnyxx/TodoMacro,2015-03-02T08:52:28Z,50,50,C,TRUE,TRUE,
sunnyxx,sunnyxx/Specs,2015-01-08T07:49:52Z,0,0,Ruby,TRUE,FALSE,
sunnyxx,sunnyxx/articles,2014-11-28T07:33:22Z,1,1,Objective-C,TRUE,TRUE,
sunnyxx,sunnyxx/XXDuckDemo,2014-08-27T07:14:56Z,36,36,Objective-C,TRUE,TRUE,
sunnyxx,sunnyxx/XXZeroCodeViewControllerDemo,2014-07-17T15:48:14Z,16,16,Objective-C,TRUE,TRUE,
sunnyxx,sunnyxx/sunnyxx.github.com,2013-09-21T09:09:53Z,0,0,JavaScript,TRUE,TRUE,
sunnyxx,sunnyxx/XLog,2013-09-23T14:27:43Z,9,9,Objective-C,TRUE,TRUE,
sunnyxx,sunnyxx/AlipayIOSSDKForCocoaPods,2013-12-21T09:07:21Z,0,0,Objective-C,TRUE,TRUE,
sunnyxx,sunnyxx/immobSDK,2013-11-26T02:57:04Z,0,0,Objective-C,TRUE,TRUE,
sunnyxx,sunnyxx/TalkingData,2013-11-19T07:58:31Z,0,0,Objective-C,TRUE,TRUE,
sunnyxx,sunnyxx/NestContact,2013-09-15T17:04:43Z,1,1,Objective-C,TRUE,TRUE,Apache License 2.0
sunnyxx,sunnyxx/cartool,2014-12-04T11:33:06Z,0,0,Objective-C,TRUE,TRUE,
sunnyxx,sunnyxx/IMClient,2013-07-16T16:12:30Z,0,0,Java,TRUE,TRUE,
sunnyxx,sunnyxx/mongoorm,2013-03-14T14:25:27Z,6,6,Python,TRUE,TRUE,
sunnyxx,sunnyxx/pyapns,2013-03-15T14:05:00Z,0,0,,TRUE,TRUE,
sunnyxx,sunnyxx/tornado_apns,2013-03-15T14:35:58Z,0,0,Python,TRUE,TRUE,
sunnyxx,sunnyxx/pyapns-1,2013-03-15T14:08:43Z,0,0,Python,TRUE,TRUE,MIT License
wangfupeng1988,wangfupeng1988/wangfupeng1988,2021-02-13T12:26:25Z,1,1,,TRUE,TRUE,
wangfupeng1988,wangfupeng1988/next-intl-demo,2024-09-14T08:04:01Z,2,2,TypeScript,TRUE,TRUE,
wangfupeng1988,wangfupeng1988/collab-demo-prosemirror,2024-08-23T08:29:59Z,1,1,CSS,TRUE,TRUE,
wangfupeng1988,wangfupeng1988/hocuspocus-collaborative-edit-demo,2024-07-09T06:36:45Z,1,1,TypeScript,TRUE,TRUE,
wangfupeng1988,wangfupeng1988/nextjs-docker-demo,2024-03-23T11:11:59Z,1,1,JavaScript,TRUE,TRUE,
wangfupeng1988,wangfupeng1988/nextjs-get-started-demo,2024-03-17T08:55:00Z,0,0,TypeScript,TRUE,TRUE,
wangfupeng1988,wangfupeng1988/react-todo,2024-01-30T07:15:21Z,3,3,JavaScript,TRUE,TRUE,
wangfupeng1988,wangfupeng1988/chatgpt-api-test,2024-02-02T07:21:23Z,18,18,TypeScript,TRUE,TRUE,
wangfupeng1988,wangfupeng1988/nextjs-dashboard,2024-01-12T02:29:54Z,0,0,TypeScript,TRUE,TRUE,
wangfupeng1988,wangfupeng1988/node-tutorial,2018-02-07T07:25:24Z,329,329,JavaScript,TRUE,TRUE,MIT License
wangfupeng1988,wangfupeng1988/ts-test-0427,2020-04-27T08:30:13Z,1,1,JavaScript,TRUE,TRUE,
wangfupeng1988,wangfupeng1988/react-wangeditor-demo,2021-11-14T02:28:10Z,3,3,JavaScript,TRUE,TRUE,
wangfupeng1988,wangfupeng1988/vue2-wangeditor-demo,2021-11-14T07:11:32Z,18,18,Vue,TRUE,TRUE,
wangfupeng1988,wangfupeng1988/imooc-320-server,2022-08-07T02:44:25Z,0,0,JavaScript,TRUE,TRUE,
wangfupeng1988,wangfupeng1988/imooc-320-html,2022-08-07T02:48:28Z,0,0,HTML,TRUE,TRUE,
wangfupeng1988,wangfupeng1988/html-wangeditor-demo,2022-03-16T00:09:26Z,2,2,HTML,TRUE,TRUE,MIT License
wangfupeng1988,wangfupeng1988/vue3-wangeditor-demo,2021-11-05T03:55:56Z,29,29,Vue,TRUE,TRUE,
wangfupeng1988,wangfupeng1988/merge-old,2022-04-11T07:50:04Z,0,0,,TRUE,TRUE,
wangfupeng1988,wangfupeng1988/merge-new,2022-04-11T07:50:52Z,0,0,,TRUE,TRUE,
wangfupeng1988,wangfupeng1988/webpack-wangeditor-demo,2022-03-12T12:33:15Z,1,1,TypeScript,TRUE,TRUE,MIT License
wangfupeng1988,wangfupeng1988/webpack5-demo,2021-11-19T00:39:02Z,0,0,JavaScript,TRUE,TRUE,
wangfupeng1988,wangfupeng1988/vuepress-next,2021-07-13T02:16:58Z,0,0,,TRUE,FALSE,MIT License
wangfupeng1988,wangfupeng1988/slate-dom-view,2021-05-13T07:30:37Z,9,9,TypeScript,TRUE,TRUE,
wangfupeng1988,wangfupeng1988/normalize.css,2021-04-02T06:56:03Z,0,0,,TRUE,FALSE,MIT License
wangfupeng1988,wangfupeng1988/lerna-demo,2021-02-19T02:53:46Z,0,0,JavaScript,TRUE,TRUE,
wangfupeng1988,wangfupeng1988/what-is-fe,2020-07-22T06:36:49Z,94,94,JavaScript,TRUE,TRUE,MIT License
wangfupeng1988,wangfupeng1988/read-notes,2018-01-19T06:24:25Z,202,202,,TRUE,TRUE,
wangfupeng1988,wangfupeng1988/morgan,2018-12-02T04:16:23Z,2,2,JavaScript,TRUE,FALSE,MIT License
wangfupeng1988,wangfupeng1988/javascript-state-machine,2018-05-13T13:15:20Z,1,1,JavaScript,TRUE,TRUE,Other
wangfupeng1988,wangfupeng1988/learn-vue2-mvvm,2017-10-09T12:17:19Z,188,188,JavaScript,TRUE,TRUE,MIT License
wangfupeng1988,wangfupeng1988/js-async-tutorial,2017-02-28T01:46:18Z,973,973,JavaScript,TRUE,TRUE,
wangfupeng1988,wangfupeng1988/clipboard.js,2018-03-05T03:11:05Z,1,1,JavaScript,TRUE,TRUE,
wangfupeng1988,wangfupeng1988/js-sdk,2015-06-09T05:16:30Z,34,34,JavaScript,TRUE,TRUE,
wangfupeng1988,wangfupeng1988/jquery-plugin-query-object,2019-07-13T14:39:42Z,1,1,JavaScript,TRUE,TRUE,
wangfupeng1988,wangfupeng1988/wangEditor-mobile,2015-11-21T12:28:18Z,307,307,JavaScript,TRUE,TRUE,
wangfupeng1988,wangfupeng1988/mod,2016-08-28T10:54:55Z,3,3,JavaScript,TRUE,TRUE,
wangfupeng1988,wangfupeng1988/wangEditor2-width-webpack,2016-07-24T06:25:11Z,6,6,JavaScript,TRUE,TRUE,
wangfupeng1988,wangfupeng1988/zepto,2016-07-02T10:18:23Z,2,2,HTML,TRUE,FALSE,Other
wangfupeng1988,wangfupeng1988/handsontable,2016-05-05T13:47:02Z,2,2,JavaScript,TRUE,TRUE,MIT License
wangfupeng1988,wangfupeng1988/redux,2016-04-12T13:08:09Z,1,1,JavaScript,TRUE,FALSE,MIT License
wangfupeng1988,wangfupeng1988/react-redux-todo-npm,2016-04-14T17:38:07Z,4,4,JavaScript,TRUE,TRUE,
wangfupeng1988,wangfupeng1988/cdnjs,2016-03-12T13:42:38Z,1,1,,TRUE,TRUE,MIT License
wangfupeng1988,wangfupeng1988/three.js,2016-03-07T10:13:21Z,2,2,JavaScript,TRUE,TRUE,MIT License
wangfupeng1988,wangfupeng1988/baiducdnstatic,2016-03-04T09:16:44Z,1,1,JavaScript,TRUE,TRUE,Other
wangfupeng1988,wangfupeng1988/nativeShare.js,2016-03-16T12:14:19Z,12,12,JavaScript,TRUE,TRUE,MIT License
wangfupeng1988,wangfupeng1988/tpw,2016-07-24T13:35:50Z,1,1,HTML,TRUE,TRUE,
